-3.53553390593273786369e-01 -3.82998034575553203407e-01 -4.30279185354792925722e-01 -4.77833776723074421522e-01 -5.10168254712415225605e-01 -5.10168254712444424470e-01 -4.77833776723052827684e-01 -4.30279185354806914532e-01 -3.82998034575547818825e-01 -3.53553390593273786369e-01
-3.24090608043832106855e-01 -3.41649688358379555186e-01 -3.86819844511056332159e-01 -4.28742604718833852928e-01 -4.60911818123762806465e-01 -4.60911818123659777768e-01 -4.28742604718894471105e-01 -3.86819844511028909650e-01 -3.41649688358385550391e-01 -3.24090608043832106855e-01
-2.65165042944960405169e-01 -2.79185394553290722186e-01 -3.00462665725945876627e-01 -3.40859461527631801836e-01 -3.64269735061124144693e-01 -3.64269735061362731621e-01 -3.40859461527486473642e-01 -3.00462665726013211653e-01 -2.79185394553273513729e-01 -2.65165042944960405169e-01
-1.76776695296627789356e-01 -1.81296937720402395744e-01 -2.00048096979972944709e-01 -2.14251074259796558952e-01 -2.34892834061711297533e-01 -2.34892834061318001027e-01 -2.14251074260035256902e-01 -2.00048096979860201561e-01 -1.81296937720429818253e-01 -1.76776695296627789356e-01
-5.89255650988929555179e-02 -6.38636011079289911407e-02 -6.05819442173417543884e-02 -7.33386859741022023584e-02 -7.38441254768849031365e-02 -7.38441254774795385885e-02 -7.33386859737408247639e-02 -6.05819442175125066896e-02 -6.38636011078874687996e-02 -5.89255650988929555179e-02
5.89255650988926710232e-02 6.38636011079309895422e-02 6.05819442173389788309e-02 7.33386859741083085851e-02 7.38441254768766874861e-02 7.38441254774859778820e-02 7.33386859737393814740e-02 6.05819442175133948680e-02 6.38636011078889120895e-02 5.89255650988926710232e-02
1.76776695296628372223e-01 1.81296937720398398941e-01 2.00048096979977718668e-01 2.14251074259781681963e-01 2.34892834061725397365e-01 2.34892834061302124837e-01 2.14251074260036256103e-01 2.00048096979856759869e-01 1.81296937720426654117e-01 1.76776695296628372223e-01
2.65165042944959850058e-01 2.79185394553293719788e-01 3.00462665725936661776e-01 3.40859461527645901668e-01 3.64269735061101718188e-01 3.64269735061376165319e-01 3.40859461527480478438e-01 3.00462665726013877787e-01 2.79185394553275401108e-01 2.65165042944959850058e-01
3.24090608043832772989e-01 3.41649688358377279229e-01 3.86819844511063659631e-01 4.28742604718820252696e-01 4.60911818123779903900e-01 4.60911818123647620826e-01 4.28742604718898301375e-01 3.86819844511028188005e-01 3.41649688358384606701e-01 3.24090608043832772989e-01
3.53553390593273786369e-01 3.82998034575553203407e-01 4.30279185354792925722e-01 4.77833776723074421522e-01 5.10168254712415225605e-01 5.10168254712444424470e-01 4.77833776723052827684e-01 4.30279185354806914532e-01 3.82998034575547818825e-01 3.53553390593273786369e-01
