-3.53553390593273786369e-01 -3.73194705471179832834e-01 -4.07572423275651740671e-01 -4.47525848178653651299e-01 -4.84268093573366031901e-01 -5.04373010204218541475e-01 -5.10904836441644416567e-01 -5.04373010203599370094e-01 -4.84268093574097446830e-01 -4.47525848178214669115e-01 -4.07572423275858575220e-01 -3.73194705471113108430e-01 -3.53553390593273786369e-01
-3.33911535560328986971e-01 -3.46956312280851442154e-01 -3.80838087934803670720e-01 -4.13761351164026680571e-01 -4.58030653120710840032e-01 -4.62436131142601236643e-01 -4.87926462051277154419e-01 -4.62436131142557826923e-01 -4.58030653120709008164e-01 -4.13761351164079471676e-01 -3.80838087934737501428e-01 -3.46956312280890910582e-01 -3.33911535560328986971e-01
-2.94627825494342521218e-01 -3.06405538062683446832e-01 -3.22110378045109502221e-01 -3.64416929587639382149e-01 -3.77335232786279339834e-01 -4.25400089666640612851e-01 -3.92480529456952498268e-01 -4.25400089665868452737e-01 -3.77335232787207153216e-01 -3.64416929587041416028e-01 -3.22110378045431022809e-01 -3.06405538062565097057e-01 -2.94627825494342521218e-01
-2.35702260395659890513e-01 -2.40452297500429013066e-01 -2.61470526440501616072e-01 -2.67594715044976283469e-01 -3.20049241388637495387e-01 -2.89469152223919889977e-01 -3.51761205967474177569e-01 -2.89469152226315529219e-01 -3.20049241385722049724e-01 -2.67594715046817144266e-01 -2.61470526439563533128e-01 -2.40452297500743317205e-01 -2.35702260395659890513e-01
-1.57134840263309566444e-01 -1.63848889890814752857e-01 -1.62148796055505250990e-01 -1.93158677547895313298e-01 -1.69949320747135534937e-01 -2.40410583218215206935e-01 -1.65936949063536037796e-01 -2.40410583211851880403e-01 -1.69949320754738508743e-01 -1.93158677543206952487e-01 -1.62148796057815902660e-01 -1.63848889890083615484e-01 -1.57134840263309566444e-01
-7.85674201324996074325e-02 -7.82086847336778412387e-02 -8.89832412199315220258e-02 -7.97519122438160171784e-02 -1.14255524352212006756e-01 -7.27726581223764740214e-02 -1.32967989834920419234e-01 -7.27726581336828465263e-02 -1.14255524338771674575e-01 -7.97519122519828593809e-02 -8.89832412160032198978e-02 -7.82086847348685970660e-02 -7.85674201324996074325e-02
8.54823786841729579700e-13 1.72162221116992079138e-12 -9.25163128142543172209e-12 3.16600646832712081278e-11 -8.73228743899110012562e-11 1.57941200150487101971e-10 -1.97112990368437449516e-10 1.72196824226425996522e-10 -1.04145385489035732901e-10 4.17388580939269944747e-11 -1.39923326775317752316e-11 3.10660821000792534752e-12 8.54823786841729579700e-13
7.85674201310410796895e-02 7.82086847307002785978e-02 8.89832412358656371643e-02 7.97519121894418175911e-02 1.14255524501925415093e-01 7.27726578518003847096e-02 1.32967990172422223516e-01 7.27726578388911832240e-02 1.14255524517053064226e-01 7.97519121804993735836e-02 8.89832412399816780058e-02 7.82086847295350579001e-02 7.85674201310410796895e-02
1.57134840264206848692e-01 1.63848889892719118411e-01 1.62148796045407106448e-01 1.93158677582020626984e-01 1.69949320653619007082e-01 2.40410583386758108793e-01 1.65936948853609128607e-01 2.40410583395074095581e-01 1.69949320643923262875e-01 1.93158677587677324317e-01 1.62148796042858200916e-01 1.63848889893423721453e-01 1.57134840264206848692e-01
2.35702260395274421079e-01 2.40452297499552603011e-01 2.61470526445074957778e-01 2.67594715029763674519e-01 3.20049241429964548278e-01 2.89469152149785191597e-01 3.51761206059552855585e-01 2.89469152146049069074e-01 3.20049241434260223205e-01 2.67594715027303309274e-01 2.61470526446153928024e-01 2.40452297499261169467e-01 2.35702260395274421079e-01
2.94627825494492734393e-01 3.06405538063068028087e-01 3.22110378043141631910e-01 3.64416929594026717254e-01 3.77335232769164030664e-01 4.25400089697099470509e-01 3.92480529419304280392e-01 4.25400089698600936128e-01 3.77335232767429307188e-01 3.64416929595008598497e-01 3.22110378042722356184e-01 3.06405538063180327146e-01 2.94627825494492734393e-01
3.33911535560284911117e-01 3.46956312280709389118e-01 3.80838087935511881987e-01 4.13761351161803181409e-01 4.58030653126567932620e-01 4.62436131132323180459e-01 4.87926462063846766437e-01 4.62436131131728878074e-01 4.58030653127215248155e-01 4.13761351161465396054e-01 3.80838087935634228565e-01 3.46956312280685519323e-01 3.33911535560284911117e-01
3.53553390593273786369e-01 3.73194705471179832834e-01 4.07572423275651740671e-01 4.47525848178653651299e-01 4.84268093573366031901e-01 5.04373010204218541475e-01 5.10904836441644416567e-01 5.04373010203599370094e-01 4.84268093574097446830e-01 4.47525848178214669115e-01 4.07572423275858575220e-01 3.73194705471113108430e-01 3.53553390593273786369e-01
