-3.53553390593273786369e-01 -3.78801593004227832306e-01 -4.20934869350387486087e-01 -4.66081087075033373424e-01 -5.01856298981329662645e-01 -5.12799498987535629091e-01 -5.01856298981332771270e-01 -4.66081087075032152178e-01 -4.20934869350385709730e-01 -3.78801593004229275596e-01 -3.53553390593273786369e-01
-3.28299576979471818827e-01 -3.44013139319025440521e-01 -3.84930537555849106024e-01 -4.23005884614510718755e-01 -4.63581353648187977079e-01 -4.65353885778748421753e-01 -4.63581353648194804951e-01 -4.23005884614503890884e-01 -3.84930537555851992604e-01 -3.44013139319025829099e-01 -3.28299576979471818827e-01
-2.77791949751847511152e-01 -2.90828978008735306027e-01 -3.10229009858335569305e-01 -3.52508163117529693675e-01 -3.71889905028849832025e-01 -3.94784125162795485053e-01 -3.71889905028828793299e-01 -3.52508163117543515952e-01 -3.10229009858333848459e-01 -2.90828978008730087979e-01 -2.77791949751847511152e-01
-2.02030508910463785233e-01 -2.07539124208318270792e-01 -2.25808477377573951772e-01 -2.39441324614941664084e-01 -2.71343689008185839917e-01 -2.64689135837723965583e-01 -2.71343689008243349470e-01 -2.39441324614887540712e-01 -2.25808477377590244295e-01 -2.07539124208325626020e-01 -2.02030508910463785233e-01
-1.01015254455187497573e-01 -1.05099801437391324188e-01 -1.07624629487976922193e-01 -1.21784705545188207121e-01 -1.22793962859147121058e-01 -1.37053358311650635981e-01 -1.22793962859044272773e-01 -1.21784705545273916338e-01 -1.07624629487951622986e-01 -1.05099801437373407964e-01 -1.01015254455187497573e-01
-3.00466488021151438156e-14 4.38670224812919015016e-14 -1.16838044976156712996e-13 2.67334126595091483637e-13 -6.12693739114809657031e-13 8.46954584677201997178e-13 -7.36465871034264945744e-13 3.76164426272340970081e-13 -1.52112646954526426782e-13 2.26637876948087945517e-14 -3.00466488021151438156e-14
1.01015254455235722886e-01 1.05099801437317244557e-01 1.07624629488169018532e-01 1.21784705544727603344e-01 1.22793962860171745888e-01 1.37053358310209622006e-01 1.22793962860276981153e-01 1.21784705544629903717e-01 1.07624629488205753036e-01 1.05099801437331386023e-01 1.01015254455235722886e-01
2.02030508910439637882e-01 2.07539124208359238022e-01 2.25808477377458821644e-01 2.39441324615212114413e-01 2.71343689007572552718e-01 2.64689135838568401216e-01 2.71343689007509381028e-01 2.39441324615266015741e-01 2.25808477377434646538e-01 2.07539124208354047729e-01 2.02030508910439637882e-01
2.77791949751857059070e-01 2.90828978008714711390e-01 3.10229009858402238198e-01 3.52508163117372486095e-01 3.71889905029196776720e-01 3.94784125162323196179e-01 3.71889905029236633727e-01 3.52508163117330575176e-01 3.10229009858424553681e-01 2.90828978008711491743e-01 2.77791949751857059070e-01
3.28299576979469487359e-01 3.44013139319034877417e-01 3.84930537555807306127e-01 4.23005884614613303363e-01 4.63581353647970539900e-01 4.65353885779030196357e-01 4.63581353647959160114e-01 4.23005884614624017015e-01 3.84930537555801033367e-01 3.44013139319036431729e-01 3.28299576979469487359e-01
3.53553390593273786369e-01 3.78801593004227832306e-01 4.20934869350387486087e-01 4.66081087075033373424e-01 5.01856298981329662645e-01 5.12799498987535629091e-01 5.01856298981332771270e-01 4.66081087075032152178e-01 4.20934869350385709730e-01 3.78801593004229275596e-01 3.53553390593273786369e-01
