-3.53553390593273786369e-01 -3.75649120022363891547e-01 -4.13541842210646493072e-01 -4.56066114947828948889e-01 -4.92883415660295032268e-01 -5.09737120777081664791e-01 -5.09737120777901009383e-01 -4.92883415659714663182e-01 -4.56066114948109169180e-01 -4.13541842210527643697e-01 -3.75649120022401084018e-01 -3.53553390593273786369e-01
-3.31456303681183395149e-01 -3.45702515369599561179e-01 -3.82542636597148100197e-01 -4.19309620356230539073e-01 -4.58172581258349920219e-01 -4.71563929616201471529e-01 -4.71563929615157695352e-01 -4.58172581259053912639e-01 -4.19309620355914625112e-01 -3.82542636597277996291e-01 -3.45702515369552654256e-01 -3.31456303681183395149e-01
-2.87262129857071280004e-01 -2.99901872298946270412e-01 -3.17079326188956733823e-01 -3.58207104841387957705e-01 -3.81288118107961815362e-01 -4.01987745657723660742e-01 -4.01987745659326045633e-01 -3.81288118106899442949e-01 -3.58207104841854251376e-01 -3.17079326188759558214e-01 -2.99901872299007832279e-01 -2.87262129857071280004e-01
-2.20970869120708596212e-01 -2.25096213308057402358e-01 -2.47185455039738100069e-01 -2.56238566810202961221e-01 -2.93500989281285096233e-01 -2.94959166925310989349e-01 -2.94959166925027105322e-01 -2.93500989281478052995e-01 -2.56238566810097156967e-01 -2.47185455039812929101e-01 -2.25096213308019987842e-01 -2.20970869120708596212e-01
-1.32582521472659115025e-01 -1.41122902610866907125e-01 -1.34189843549797460653e-01 -1.65140246045326843927e-01 -1.53659978526734963822e-01 -1.78243194266201054887e-01 -1.78243194263228765806e-01 -1.53659978528677410026e-01 -1.65140246044542804427e-01 -1.34189843549998188976e-01 -1.41122902610844258575e-01 -1.32582521472659115025e-01
-4.41941738239087292262e-02 -3.86384578668317324457e-02 -5.94002473921042550842e-02 -3.57776919173704577304e-02 -7.06442777164002500001e-02 -4.95346154895703882914e-02 -4.95346154973668184596e-02 -7.06442777113482911489e-02 -3.57776919194208176123e-02 -5.94002473914714279601e-02 -3.86384578669565215137e-02 -4.41941738239087292262e-02
4.41941738239209208627e-02 3.86384578667890998815e-02 5.94002473922743412516e-02 3.57776919169401352860e-02 7.06442777173679203884e-02 4.95346154881617373178e-02 4.95346154986702202905e-02 7.06442777106039976331e-02 3.57776919196801657108e-02 5.94002473913906037239e-02 3.86384578669836109555e-02 4.41941738239209208627e-02
1.32582521472633302340e-01 1.41122902610959055636e-01 1.34189843549428644565e-01 1.65140246046272975988e-01 1.53659978524603335615e-01 1.78243194269323002032e-01 1.78243194260320869660e-01 1.53659978530368501737e-01 1.65140246043945060350e-01 1.34189843550190479604e-01 1.41122902610782752220e-01 1.32582521472633302340e-01
2.20970869120729107582e-01 2.25096213307974690743e-01 2.47185455040053070341e-01 2.56238566809369183730e-01 2.93500989283157598386e-01 2.94959166922523885468e-01 2.94959166927648563927e-01 2.93500989279896651318e-01 2.56238566810672363516e-01 2.47185455039616641670e-01 2.25096213308077941484e-01 2.20970869120729107582e-01
2.87262129857059567151e-01 2.99901872299004557121e-01 3.17079326188728582991e-01 3.58207104841980483734e-01 3.81288118106581919164e-01 4.01987745659786899211e-01 4.01987745657309880620e-01 3.81288118108153106789e-01 3.58207104841357759639e-01 3.17079326188925980645e-01 2.99901872298957317131e-01 2.87262129857059567151e-01
3.31456303681187558485e-01 3.45702515369570750892e-01 3.82542636597247742714e-01 4.19309620355961421012e-01 4.58172581258973976581e-01 4.71563929615254173733e-01 4.71563929616095278696e-01 4.58172581258446509622e-01 4.19309620356161150134e-01 3.82542636597190122139e-01 3.45702515369578466942e-01 3.31456303681187558485e-01
3.53553390593273786369e-01 3.75649120022363891547e-01 4.13541842210646493072e-01 4.56066114947828948889e-01 4.92883415660295032268e-01 5.09737120777081664791e-01 5.09737120777901009383e-01 4.92883415659714663182e-01 4.56066114948109169180e-01 4.13541842210527643697e-01 3.75649120022401084018e-01 3.53553390593273786369e-01
