-3.53553390593273786369e-01 -3.28299576979471818827e-01 -2.77791949751847511152e-01 -2.02030508910463785233e-01 -1.01015254455187497573e-01 -3.00466488021151438156e-14 1.01015254455235722886e-01 2.02030508910439637882e-01 2.77791949751857059070e-01 3.28299576979469487359e-01 3.53553390593273786369e-01
-3.78801593004227832306e-01 -3.44013139319032601460e-01 -2.90828978008716654280e-01 -2.07539124208353908951e-01 -1.05099801437326625941e-01 -3.77123190014114962003e-14 1.05099801437388340464e-01 2.07539124208317105058e-01 2.90828978008739247318e-01 3.44013139319020222473e-01 3.78801593004227832306e-01
-4.20934869350387486087e-01 -3.84930537555817187112e-01 -3.10229009858407955846e-01 -2.25808477377448135748e-01 -1.07624629488188919280e-01 1.37209947823303146568e-13 1.07624629487953954454e-01 2.25808477377586414026e-01 3.10229009858324467075e-01 3.84930537555863372390e-01 4.20934869350387486087e-01
-4.66081087075033373424e-01 -4.23005884614591320947e-01 -3.52508163117351114302e-01 -2.39441324615243422702e-01 -1.21784705544688273693e-01 -3.27741773069363822560e-13 1.21784705545232102564e-01 2.39441324614910411306e-01 3.52508163117557504762e-01 4.23005884614475025085e-01 4.66081087075033373424e-01
-5.01856298981329662645e-01 -4.63581353648029326209e-01 -3.71889905029197165298e-01 -2.71343689007597865803e-01 -1.22793962860130168036e-01 5.81035288769304330228e-13 1.22793962859137684163e-01 2.71343689008200494861e-01 3.71889905028809142351e-01 4.63581353648255478639e-01 5.01856298981329662645e-01
-5.12799498987535629091e-01 -4.65353885778936327000e-01 -3.94784125162388366270e-01 -2.64689135838423683644e-01 -1.37053358310447070956e-01 -6.69646297443953103734e-13 1.37053358311569506434e-01 2.64689135837720468380e-01 3.94784125162855992208e-01 4.65353885778652998084e-01 5.12799498987535629091e-01
-5.01856298981332771270e-01 -4.63581353648060079387e-01 -3.71889905029110456880e-01 -2.71343689007749744313e-01 -1.22793962859935212872e-01 4.48505872677918042330e-13 1.22793962859159944134e-01 2.71343689008234023596e-01 3.71889905028766620809e-01 4.63581353648280680702e-01 5.01856298981332771270e-01
-4.66081087075032152178e-01 -4.23005884614559679591e-01 -3.52508163117437267609e-01 -2.39441324615077499871e-01 -1.21784705544901880603e-01 -1.65389067386985991358e-13 1.21784705545179561259e-01 2.39441324614887984801e-01 3.52508163117587258739e-01 4.23005884614451488357e-01 4.66081087075032152178e-01
-4.20934869350385709730e-01 -3.84930537555838059305e-01 -3.10229009858352611229e-01 -2.25808477377555216759e-01 -1.07624629488040815528e-01 1.21234891081916604913e-14 1.07624629488010242762e-01 2.25808477377584776447e-01 3.10229009858313420356e-01 3.84930537555875584843e-01 4.20934869350385709730e-01
-3.78801593004229275596e-01 -3.44013139319025162965e-01 -2.90828978008734195804e-01 -2.07539124208318270792e-01 -1.05099801437376447200e-01 7.58167376413430257081e-15 1.05099801437363429835e-01 2.07539124208321990039e-01 2.90828978008739413852e-01 3.44013139319016447715e-01 3.78801593004229275596e-01
-3.53553390593273786369e-01 -3.28299576979471818827e-01 -2.77791949751847511152e-01 -2.02030508910463785233e-01 -1.01015254455187497573e-01 -3.00466488021151438156e-14 1.01015254455235722886e-01 2.02030508910439637882e-01 2.77791949751857059070e-01 3.28299576979469487359e-01 3.53553390593273786369e-01
