-7.0710678119e-01 -7.5100971457e-01 -8.2024636381e-01 -8.7534178302e-01 -9.1875316643e-01 -9.5207832791e-01 -9.7633056536e-01 -9.9217314036e-01 -1.0000007231e+00 -1.0000007231e+00 -9.9217314036e-01 -9.7633056536e-01 -9.5207832791e-01 -9.1875316643e-01 -8.7534178302e-01 -8.2024636381e-01 -7.5100971457e-01 -7.0710678119e-01
-6.6291260736e-01 -6.9673076447e-01 -7.5873053596e-01 -8.0940235720e-01 -8.5007773609e-01 -8.8149776415e-01 -9.0447949852e-01 -9.1952357768e-01 -9.2696754219e-01 -9.2696754219e-01 -9.1952357768e-01 -9.0447949852e-01 -8.8149776415e-01 -8.5007773609e-01 -8.0940235720e-01 -7.5873053596e-01 -6.9673076447e-01 -6.6291260736e-01
-5.7452425971e-01 -5.9947327462e-01 -6.4654013370e-01 -6.8775265387e-01 -7.2184234612e-01 -7.4875906849e-01 -7.6866611977e-01 -7.8179499828e-01 -7.8831375767e-01 -7.8831375767e-01 -7.8179499828e-01 -7.6866611977e-01 -7.4875906849e-01 -7.2184234612e-01 -6.8775265387e-01 -6.4654013370e-01 -5.9947327462e-01 -5.7452425971e-01
-4.8613591207e-01 -5.0480542057e-01 -5.4086821300e-01 -5.7328411652e-01 -6.0085527672e-01 -6.2302175633e-01 -6.3962747110e-01 -6.5066219623e-01 -6.5616507961e-01 -6.5616507961e-01 -6.5066219623e-01 -6.3962747110e-01 -6.2302175633e-01 -6.0085527672e-01 -5.7328411652e-01 -5.4086821300e-01 -5.0480542057e-01 -4.8613591207e-01
-3.9774756442e-01 -4.1176692926e-01 -4.3893663966e-01 -4.6380718876e-01 -4.8531809569e-01 -5.0287284477e-01 -5.1616340924e-01 -5.2505937153e-01 -5.2951336610e-01 -5.2951336610e-01 -5.2505937153e-01 -5.1616340924e-01 -5.0287284477e-01 -4.8531809569e-01 -4.6380718876e-01 -4.3893663966e-01 -4.1176692926e-01 -3.9774756442e-01
-3.0935921677e-01 -3.1955592181e-01 -3.3942101604e-01 -3.5775295568e-01 -3.7379159433e-01 -3.8701380543e-01 -3.9710797815e-01 -4.0390332279e-01 -4.0731725481e-01 -4.0731725481e-01 -4.0390332279e-01 -3.9710797815e-01 -3.8701380543e-01 -3.7379159433e-01 -3.5775295568e-01 -3.3942101604e-01 -3.1955592181e-01 -3.0935921677e-01
-2.2097086912e-01 -2.2791713463e-01 -2.4146583477e-01 -2.5404025279e-01 -2.6511437449e-01 -2.7430703136e-01 -2.8136501918e-01 -2.8613665408e-01 -2.8853993685e-01 -2.8853993685e-01 -2.8613665408e-01 -2.8136501918e-01 -2.7430703136e-01 -2.6511437449e-01 -2.5404025279e-01 -2.4146583477e-01 -2.2791713463e-01 -2.2097086912e-01
-1.3258252147e-01 -1.3662099789e-01 -1.4450982374e-01 -1.5185052995e-01 -1.5834154554e-01 -1.6375138168e-01 -1.6791998793e-01 -1.7074579069e-01 -1.7217141444e-01 -1.7217141444e-01 -1.7074579069e-01 -1.6791998793e-01 -1.6375138168e-01 -1.5834154554e-01 -1.5185052995e-01 -1.4450982374e-01 -1.3662099789e-01 -1.3258252147e-01
-4.4194173824e-02 -4.5519934287e-02 -4.8109952914e-02 -5.0523732344e-02 -5.2661649127e-02 -5.4446963343e-02 -5.5824949644e-02 -5.6760297409e-02 -5.7232559110e-02 -5.7232559110e-02 -5.6760297409e-02 -5.5824949644e-02 -5.4446963343e-02 -5.2661649127e-02 -5.0523732344e-02 -4.8109952914e-02 -4.5519934287e-02 -4.4194173824e-02
4.4194173824e-02 4.5519934287e-02 4.8109952914e-02 5.0523732344e-02 5.2661649127e-02 5.4446963343e-02 5.5824949644e-02 5.6760297409e-02 5.7232559110e-02 5.7232559110e-02 5.6760297409e-02 5.5824949644e-02 5.4446963343e-02 5.2661649127e-02 5.0523732344e-02 4.8109952914e-02 4.5519934287e-02 4.4194173824e-02
1.3258252147e-01 1.3662099789e-01 1.4450982374e-01 1.5185052995e-01 1.5834154554e-01 1.6375138168e-01 1.6791998793e-01 1.7074579069e-01 1.7217141444e-01 1.7217141444e-01 1.7074579069e-01 1.6791998793e-01 1.6375138168e-01 1.5834154554e-01 1.5185052995e-01 1.4450982374e-01 1.3662099789e-01 1.3258252147e-01
2.2097086912e-01 2.2791713463e-01 2.4146583477e-01 2.5404025279e-01 2.6511437449e-01 2.7430703136e-01 2.8136501918e-01 2.8613665408e-01 2.8853993685e-01 2.8853993685e-01 2.8613665408e-01 2.8136501918e-01 2.7430703136e-01 2.6511437449e-01 2.5404025279e-01 2.4146583477e-01 2.2791713463e-01 2.2097086912e-01
3.0935921677e-01 3.1955592181e-01 3.3942101604e-01 3.5775295568e-01 3.7379159433e-01 3.8701380543e-01 3.9710797815e-01 4.0390332279e-01 4.0731725481e-01 4.0731725481e-01 4.0390332279e-01 3.9710797815e-01 3.8701380543e-01 3.7379159433e-01 3.5775295568e-01 3.3942101604e-01 3.1955592181e-01 3.0935921677e-01
3.9774756442e-01 4.1176692926e-01 4.3893663966e-01 4.6380718876e-01 4.8531809569e-01 5.0287284477e-01 5.1616340924e-01 5.2505937153e-01 5.2951336610e-01 5.2951336610e-01 5.2505937153e-01 5.1616340924e-01 5.0287284477e-01 4.8531809569e-01 4.6380718876e-01 4.3893663966e-01 4.1176692926e-01 3.9774756442e-01
4.8613591207e-01 5.0480542057e-01 5.4086821300e-01 5.7328411652e-01 6.0085527672e-01 6.2302175633e-01 6.3962747110e-01 6.5066219623e-01 6.5616507961e-01 6.5616507961e-01 6.5066219623e-01 6.3962747110e-01 6.2302175633e-01 6.0085527672e-01 5.7328411652e-01 5.4086821300e-01 5.0480542057e-01 4.8613591207e-01
5.7452425971e-01 5.9947327462e-01 6.4654013370e-01 6.8775265387e-01 7.2184234612e-01 7.4875906849e-01 7.6866611977e-01 7.8179499828e-01 7.8831375767e-01 7.8831375767e-01 7.8179499828e-01 7.6866611977e-01 7.4875906849e-01 7.2184234612e-01 6.8775265387e-01 6.4654013370e-01 5.9947327462e-01 5.7452425971e-01
6.6291260736e-01 6.9673076447e-01 7.5873053596e-01 8.0940235720e-01 8.5007773609e-01 8.8149776415e-01 9.0447949852e-01 9.1952357768e-01 9.2696754219e-01 9.2696754219e-01 9.1952357768e-01 9.0447949852e-01 8.8149776415e-01 8.5007773609e-01 8.0940235720e-01 7.5873053596e-01 6.9673076447e-01 6.6291260736e-01
7.0710678119e-01 7.5100971457e-01 8.2024636381e-01 8.7534178302e-01 9.1875316643e-01 9.5207832791e-01 9.7633056536e-01 9.9217314036e-01 1.0000007231e+00 1.0000007231e+00 9.9217314036e-01 9.7633056536e-01 9.5207832791e-01 9.1875316643e-01 8.7534178302e-01 8.2024636381e-01 7.5100971457e-01 7.0710678119e-01
