-3.53553390593273786369e-01 -3.24090608043832106855e-01 -2.65165042944960405169e-01 -1.76776695296627789356e-01 -5.89255650988929555179e-02 5.89255650988926710232e-02 1.76776695296628372223e-01 2.65165042944959850058e-01 3.24090608043832772989e-01 3.53553390593273786369e-01
-3.82998034575553203407e-01 -3.41649688358386716125e-01 -2.79185394553276844398e-01 -1.81296937720424905516e-01 -6.38636011078937554375e-02 6.38636011078944215713e-02 1.81296937720423489981e-01 2.79185394553277399510e-01 3.41649688358386771636e-01 3.82998034575553203407e-01
-4.30279185354792925722e-01 -3.86819844511030075385e-01 -3.00462665725995392574e-01 -2.00048096979892953140e-01 -6.05819442174640732102e-02 6.05819442174645311772e-02 2.00048096979891315561e-01 3.00462665725991839860e-01 3.86819844511030963563e-01 4.30279185354792925722e-01
-4.77833776723074421522e-01 -4.28742604718886199944e-01 -3.40859461527530382963e-01 -2.14251074259960760937e-01 -7.33386859738544977239e-02 7.33386859738574536927e-02 2.14251074259953433465e-01 3.40859461527538099013e-01 4.28742604718884423587e-01 4.77833776723074421522e-01
-5.10168254712415225605e-01 -4.60911818123681038539e-01 -3.64269735061285626632e-01 -2.34892834061449534699e-01 -7.38441254772765898196e-02 7.38441254772711080934e-02 2.34892834061457000949e-01 3.64269735061267807552e-01 4.60911818123679761783e-01 5.10168254712415225605e-01
-5.10168254712444424470e-01 -4.60911818123735606001e-01 -3.64269735061206301197e-01 -2.34892834061569411030e-01 -7.38441254771083632757e-02 7.38441254771153993142e-02 2.34892834061553451575e-01 3.64269735061221566763e-01 4.60911818123742544895e-01 5.10168254712444424470e-01
-4.77833776723052827684e-01 -4.28742604718852171608e-01 -3.40859461527575569040e-01 -2.14251074259892565488e-01 -7.33386859739494773036e-02 7.33386859739472568576e-02 2.14251074259895812890e-01 3.40859461527566576233e-01 4.28742604718843511868e-01 4.77833776723052827684e-01
-4.30279185354806914532e-01 -3.86819844511046395663e-01 -3.00462665725975075492e-01 -2.00048096979919709515e-01 -6.05819442174248268262e-02 6.05819442174254652045e-02 2.00048096979916906202e-01 3.00462665725976352249e-01 3.86819844511052224334e-01 4.30279185354806914532e-01
-3.82998034575547818825e-01 -3.41649688358381886655e-01 -2.79185394553281229779e-01 -1.81296937720417661311e-01 -6.38636011079063425910e-02 6.38636011079081189479e-02 1.81296937720414497175e-01 2.79185394553282395513e-01 3.41649688358379721720e-01 3.82998034575547818825e-01
-3.53553390593273786369e-01 -3.24090608043832106855e-01 -2.65165042944960405169e-01 -1.76776695296627789356e-01 -5.89255650988929555179e-02 5.89255650988926710232e-02 1.76776695296628372223e-01 2.65165042944959850058e-01 3.24090608043832772989e-01 3.53553390593273786369e-01
