-7.0710678119e-01 -7.3655113145e-01 -7.8826396206e-01 -8.4990892334e-01 -8.9883765072e-01 -9.3699836191e-01 -9.6565116371e-01 -9.8561301987e-01 -9.9740069103e-01 -1.0012992673e+00 -9.9740069103e-01 -9.8561301987e-01 -9.6565116371e-01 -9.3699836191e-01 -8.9883765072e-01 -8.4990892334e-01 -7.8826396206e-01 -7.3655113145e-01 -7.0710678119e-01
-6.7764399864e-01 -7.0153977137e-01 -7.4904295534e-01 -8.0701319800e-01 -8.5381178535e-01 -8.9044328210e-01 -9.1809047855e-01 -9.3736808975e-01 -9.4877469721e-01 -9.5254421009e-01 -9.4877469721e-01 -9.3736808975e-01 -9.1809047855e-01 -8.9044328210e-01 -8.5381178535e-01 -8.0701319800e-01 -7.4904295534e-01 -7.0153977137e-01 -6.7764399864e-01
-6.1871843354e-01 -6.3777789617e-01 -6.7540295018e-01 -7.2563782316e-01 -7.6725926644e-01 -8.0054946107e-01 -8.2584542448e-01 -8.4361621659e-01 -8.5414710453e-01 -8.5763992783e-01 -8.5414710453e-01 -8.4361621659e-01 -8.2584542448e-01 -8.0054946107e-01 -7.6725926644e-01 -7.2563782316e-01 -6.7540295018e-01 -6.3777789617e-01 -6.1871843354e-01
-5.3033008589e-01 -5.4448673407e-01 -5.7296168874e-01 -6.1212218255e-01 -6.4594393038e-01 -6.7362022884e-01 -6.9502018996e-01 -7.1018674912e-01 -7.1923374646e-01 -7.2223833493e-01 -7.1923374646e-01 -7.1018674912e-01 -6.9502018996e-01 -6.7362022884e-01 -6.4594393038e-01 -6.1212218255e-01 -5.7296168874e-01 -5.4448673407e-01 -5.3033008589e-01
-4.4194173824e-01 -4.5268839968e-01 -4.7409009344e-01 -5.0423619175e-01 -5.3081922038e-01 -5.5302110829e-01 -5.7042204273e-01 -5.8287889364e-01 -5.9034978498e-01 -5.9283927326e-01 -5.9034978498e-01 -5.8287889364e-01 -5.7042204273e-01 -5.5302110829e-01 -5.3081922038e-01 -5.0423619175e-01 -4.7409009344e-01 -4.5268839968e-01 -4.4194173824e-01
-3.5355339059e-01 -3.6149841026e-01 -3.7742975336e-01 -3.9998226806e-01 -4.2017232154e-01 -4.3725100311e-01 -4.5079127269e-01 -4.6055908827e-01 -4.6644880060e-01 -4.6841545924e-01 -4.6644880060e-01 -4.6055908827e-01 -4.5079127269e-01 -4.3725100311e-01 -4.2017232154e-01 -3.9998226806e-01 -3.7742975336e-01 -3.6149841026e-01 -3.5355339059e-01
-2.6516504294e-01 -2.7081330526e-01 -2.8208806681e-01 -2.9817355810e-01 -3.1267650249e-01 -3.2505883285e-01 -3.3494950415e-01 -3.4212910415e-01 -3.4647471952e-01 -3.4792904144e-01 -3.4647471952e-01 -3.4212910415e-01 -3.3494950415e-01 -3.2505883285e-01 -3.1267650249e-01 -2.9817355810e-01 -2.8208806681e-01 -2.7081330526e-01 -2.6516504294e-01
-1.7677669530e-01 -1.8039155644e-01 -1.8763087334e-01 -1.9796737549e-01 -2.0733830098e-01 -2.1537956313e-01 -2.2183677771e-01 -2.2654239762e-01 -2.2939889109e-01 -2.3035600713e-01 -2.2939889109e-01 -2.2654239762e-01 -2.2183677771e-01 -2.1537956313e-01 -2.0733830098e-01 -1.9796737549e-01 -1.8763087334e-01 -1.8039155644e-01 -1.7677669530e-01
-8.8388347648e-02 -9.0156861618e-02 -9.3689794605e-02 -9.8749302186e-02 -1.0334484368e-01 -1.0730099470e-01 -1.1048620955e-01 -1.1281308775e-01 -1.1422773678e-01 -1.1470220378e-01 -1.1422773678e-01 -1.1281308775e-01 -1.1048620955e-01 -1.0730099470e-01 -1.0334484368e-01 -9.8749302186e-02 -9.3689794605e-02 -9.0156861618e-02 -8.8388347648e-02
-1.6567158270e-17 4.3134445687e-16 9.2201432632e-16 8.0082076432e-16 6.2893283019e-16 3.4377129396e-16 1.2944457980e-16 -6.8599480161e-17 -1.9184699115e-16 -2.0096921875e-16 -1.8926136287e-16 -6.9310346639e-17 1.3128982739e-16 3.4468065391e-16 6.3295507381e-16 8.0777938032e-16 8.9630070005e-16 4.8392166813e-16 -1.6567158270e-17
8.8388347648e-02 9.0156861618e-02 9.3689794605e-02 9.8749302186e-02 1.0334484368e-01 1.0730099470e-01 1.1048620955e-01 1.1281308775e-01 1.1422773678e-01 1.1470220378e-01 1.1422773678e-01 1.1281308775e-01 1.1048620955e-01 1.0730099470e-01 1.0334484368e-01 9.8749302186e-02 9.3689794605e-02 9.0156861618e-02 8.8388347648e-02
1.7677669530e-01 1.8039155644e-01 1.8763087334e-01 1.9796737549e-01 2.0733830098e-01 2.1537956313e-01 2.2183677771e-01 2.2654239762e-01 2.2939889109e-01 2.3035600713e-01 2.2939889109e-01 2.2654239762e-01 2.2183677771e-01 2.1537956313e-01 2.0733830098e-01 1.9796737549e-01 1.8763087334e-01 1.8039155644e-01 1.7677669530e-01
2.6516504294e-01 2.7081330526e-01 2.8208806681e-01 2.9817355810e-01 3.1267650249e-01 3.2505883285e-01 3.3494950415e-01 3.4212910415e-01 3.4647471952e-01 3.4792904144e-01 3.4647471952e-01 3.4212910415e-01 3.3494950415e-01 3.2505883285e-01 3.1267650249e-01 2.9817355810e-01 2.8208806681e-01 2.7081330526e-01 2.6516504294e-01
3.5355339059e-01 3.6149841026e-01 3.7742975336e-01 3.9998226806e-01 4.2017232154e-01 4.3725100311e-01 4.5079127269e-01 4.6055908827e-01 4.6644880060e-01 4.6841545924e-01 4.6644880060e-01 4.6055908827e-01 4.5079127269e-01 4.3725100311e-01 4.2017232154e-01 3.9998226806e-01 3.7742975336e-01 3.6149841026e-01 3.5355339059e-01
4.4194173824e-01 4.5268839968e-01 4.7409009344e-01 5.0423619175e-01 5.3081922038e-01 5.5302110829e-01 5.7042204273e-01 5.8287889364e-01 5.9034978498e-01 5.9283927326e-01 5.9034978498e-01 5.8287889364e-01 5.7042204273e-01 5.5302110829e-01 5.3081922038e-01 5.0423619175e-01 4.7409009344e-01 4.5268839968e-01 4.4194173824e-01
5.3033008589e-01 5.4448673407e-01 5.7296168874e-01 6.1212218255e-01 6.4594393038e-01 6.7362022884e-01 6.9502018996e-01 7.1018674912e-01 7.1923374646e-01 7.2223833493e-01 7.1923374646e-01 7.1018674912e-01 6.9502018996e-01 6.7362022884e-01 6.4594393038e-01 6.1212218255e-01 5.7296168874e-01 5.4448673407e-01 5.3033008589e-01
6.1871843354e-01 6.3777789617e-01 6.7540295018e-01 7.2563782316e-01 7.6725926644e-01 8.0054946107e-01 8.2584542448e-01 8.4361621659e-01 8.5414710453e-01 8.5763992783e-01 8.5414710453e-01 8.4361621659e-01 8.2584542448e-01 8.0054946107e-01 7.6725926644e-01 7.2563782316e-01 6.7540295018e-01 6.3777789617e-01 6.1871843354e-01
6.7764399864e-01 7.0153977137e-01 7.4904295534e-01 8.0701319800e-01 8.5381178535e-01 8.9044328210e-01 9.1809047855e-01 9.3736808975e-01 9.4877469721e-01 9.5254421009e-01 9.4877469721e-01 9.3736808975e-01 9.1809047855e-01 8.9044328210e-01 8.5381178535e-01 8.0701319800e-01 7.4904295534e-01 7.0153977137e-01 6.7764399864e-01
7.0710678119e-01 7.3655113145e-01 7.8826396206e-01 8.4990892334e-01 8.9883765072e-01 9.3699836191e-01 9.6565116371e-01 9.8561301987e-01 9.9740069103e-01 1.0012992673e+00 9.9740069103e-01 9.8561301987e-01 9.6565116371e-01 9.3699836191e-01 8.9883765072e-01 8.4990892334e-01 7.8826396206e-01 7.3655113145e-01 7.0710678119e-01
