1.00000000000000000000e+00 1.03125000000000000000e+00 1.09375000000000000000e+00 1.15625000000000000000e+00 1.21875000000000000000e+00 1.28125000000000000000e+00 1.34375000000000000000e+00 1.40625000000000000000e+00 1.46875000000000000000e+00 1.53125000000000000000e+00 1.59375000000000000000e+00 1.65625000000000000000e+00 1.71875000000000000000e+00 1.78125000000000000000e+00 1.84375000000000000000e+00 1.90625000000000000000e+00 1.96875000000000000000e+00 2.00000000000000000000e+00
1.00000000000000000000e+00 1.03294818310979219511e+00 1.09842000355192892513e+00 1.16346727821661732882e+00 1.22809000710385762822e+00 1.29228819021364982333e+00 1.35606182754599413620e+00 1.41941091910089012273e+00 1.48233546487833844907e+00 1.54483546487833822702e+00 1.60691091910089012273e+00 1.66856182754599391416e+00 1.72978819021365004538e+00 1.79059000710385762822e+00 1.85096727821661688473e+00 1.91092000355192870309e+00 1.97044818310979219511e+00 2.00000000000000000000e+00
1.00000000000000000000e+00 1.03484871051901361483e+00 1.10364645392728810691e+00 1.17154451970580830711e+00 1.23854290785457554769e+00 1.30464161837358960661e+00 1.36984065126284959568e+00 1.43414000652235640310e+00 1.49753968415210980680e+00 1.56003968415211025089e+00 1.62164000652235662514e+00 1.68234065126285003977e+00 1.74214161837358938456e+00 1.80104290785457576973e+00 1.85904451970580875120e+00 1.91614645392728788487e+00 1.97234871051901383687e+00 2.00000000000000000000e+00
1.00000000000000000000e+00 1.03513663681706158393e+00 1.10443825124691930029e+00 1.17276820647251134311e+00 1.24012650249383815648e+00 1.30651313931089996245e+00 1.37192811692369565080e+00 1.43637143533222655378e+00 1.49984309453649178323e+00 1.56234309453649178323e+00 1.62387143533222655378e+00 1.68442811692369565080e+00 1.74401313931089951836e+00 1.80262650249383837853e+00 1.86026820647251134311e+00 1.91693825124691885620e+00 1.97263663681706136188e+00 2.00000000000000000000e+00
1.00000000000000000000e+00 1.03365985447998842695e+00 1.10037709981996756348e+00 1.16649188153995053696e+00 1.23200419963993579309e+00 1.29691405411992422003e+00 1.36122144497991537371e+00 1.42492637221990969820e+00 1.48802883583990674943e+00 1.55052883583990674943e+00 1.61242637221990969820e+00 1.67372144497991559575e+00 1.73441405411992466412e+00 1.79450419963993579309e+00 1.85399188153995075901e+00 1.91287709981996822961e+00 1.97115985447998820490e+00 2.00000000000000000000e+00
1.00000000000000000000e+00 1.03030387428319158971e+00 1.09114815427877664966e+00 1.15222896570356425627e+00 1.21354630855755329932e+00 1.27510018284074511108e+00 1.33689058855313858132e+00 1.39891752569473459822e+00 1.46118099426553227360e+00 1.52368099426553227360e+00 1.58641752569473415413e+00 1.64939058855313880336e+00 1.71260018284074533312e+00 1.77604630855755374341e+00 1.83972896570356359014e+00 1.90364815427877687171e+00 1.96780387428319181176e+00 2.00000000000000000000e+00
1.00000000000000000000e+00 1.02500282922412244702e+00 1.07657028036633684032e+00 1.12969952420252028880e+00 1.18439056073267345859e+00 1.24064338995679568356e+00 1.29845801187488785189e+00 1.35783442648694885335e+00 1.41877263379297979817e+00 1.48127263379297957613e+00 1.54533442648694863131e+00 1.61095801187488785189e+00 1.67814338995679612765e+00 1.74689056073267368063e+00 1.81719952420252051084e+00 1.88907028036633706236e+00 1.96250282922412244702e+00 2.00000000000000000000e+00
1.00000000000000000000e+00 1.01774817335094858173e+00 1.05661997671510832220e+00 1.09886723674153086172e+00 1.14448995343021642235e+00 1.19348812678116522612e+00 1.24586175679437638486e+00 1.30161084346985056470e+00 1.36073538680758776565e+00 1.42323538680758798769e+00 1.48911084346985056470e+00 1.55836175679437638486e+00 1.63098812678116478203e+00 1.70698995343021620030e+00 1.78636723674153086172e+00 1.86911997671510832220e+00 1.95524817335094858173e+00 2.00000000000000000000e+00
1.00000000000000000000e+00 1.00859374999999995559e+00 1.03144531250000004441e+00 1.05996093750000008882e+00 1.09414062500000008882e+00 1.13398437500000004441e+00 1.17949218749999995559e+00 1.23066406250000004441e+00 1.28750000000000008882e+00 1.35000000000000008882e+00 1.41816406250000004441e+00 1.49199218750000017764e+00 1.57148437500000004441e+00 1.65664062500000008882e+00 1.74746093749999986677e+00 1.84394531250000004441e+00 1.94609374999999995559e+00 2.00000000000000000000e+00
1.00000000000000000000e+00 9.97656249999999911182e-01 1.00136718750000008882e+00 1.01347656249999995559e+00 1.03398437499999973355e+00 1.06289062500000008882e+00 1.10019531249999991118e+00 1.14589843750000008882e+00 1.19999999999999995559e+00 1.26250000000000017764e+00 1.33339843750000008882e+00 1.41269531249999968914e+00 1.50039062499999964473e+00 1.59648437499999995559e+00 1.70097656250000017764e+00 1.81386718749999964473e+00 1.93515624999999991118e+00 2.00000000000000000000e+00
9.63583599702094728556e-01 9.52995836358593861881e-01 9.41995247380139844040e-01 9.41169596110234207842e-01 9.50518882548875732041e-01 9.70043106696065526862e-01 9.99742268551802926169e-01 1.03961636811608859610e+00 1.08966540538892142642e+00 1.14988938037030208328e+00 1.22028829306023101076e+00 1.30086214345870754272e+00 1.39161093156573167917e+00 1.49253465738130386420e+00 1.60363332090542431985e+00 1.72490692213809193589e+00 1.85635546107930782256e+00 1.92716719940418945711e+00
8.91903766156057264958e-01 8.75853342778033394644e-01 8.54733100039585802499e-01 8.44593461318738358834e-01 8.45434426615491063650e-01 8.57255995929844138992e-01 8.80058169261797029748e-01 9.13840946611350402051e-01 9.58604327978503700791e-01 1.01434831336325737006e+00 1.08107290276561118780e+00 1.15877809618556515403e+00 1.24746389362311904669e+00 1.34713029507827353193e+00 1.45777730055102772155e+00 1.57940491004138228170e+00 1.71201312354933721238e+00 1.78380753231211452992e+00
7.87176596384643878501e-01 7.68443307191836177950e-01 7.41809868263677896216e-01 7.26009568792976622831e-01 7.21042408779732135748e-01 7.26908388223944545992e-01 7.43607507125613964583e-01 7.71139765484740391521e-01 8.09505163301323715785e-01 8.58703700575363826353e-01 9.18735377306861056290e-01 9.89600193495815294575e-01 1.07129814914222620814e+00 1.16382924424609424108e+00 1.26719347880741906032e+00 1.38139085282620088790e+00 1.50642136630243994588e+00 1.57435319276928775700e+00
6.52514443812231559328e-01 6.33791728236937523810e-01 6.06124745072455617390e-01 5.88236209894080652738e-01 5.80126122701812185767e-01 5.81794483495650105453e-01 5.93241292275594855887e-01 6.14466549041646104001e-01 6.45470253793803960818e-01 6.86252406532068537359e-01 7.36813007256439611581e-01 7.97152055966917405527e-01 8.67269552663501586132e-01 9.47165497346192486461e-01 1.03683989001498977345e+00 1.13629273066989378016e+00 1.24552401931090450660e+00 1.30502888762446311866e+00
4.91704750809638324593e-01 4.75525495222335836676e-01 4.51053241310256869401e-01 4.34467244660703855175e-01 4.25767505273676682975e-01 4.24954023149175574847e-01 4.32026798287200197723e-01 4.46985830687750773649e-01 4.69831120350827247112e-01 5.00562667276429618113e-01 5.39180471464557942163e-01 5.85684532915212163751e-01 6.40074851628392282876e-01 7.02351427604098299540e-01 7.72514260842330324763e-01 8.50563351343088136503e-01 9.36498699106371845780e-01 9.83409501619276649187e-01
3.08962464071424303125e-01 2.97639691950624896144e-01 2.80238609989784004384e-01 2.68081990309700979314e-01 2.61169832910375765422e-01 2.59502137791808418221e-01 2.63078904953998993221e-01 2.71900134396947268378e-01 2.85965826120653410225e-01 3.05275980125117474273e-01 3.29830596410339293989e-01 3.59629674976319035906e-01 3.94673215823056533491e-01 4.34961218950551897766e-01 4.80493684358805184242e-01 5.31270612047816226386e-01 5.87292002017585135221e-01 6.17924928142848606250e-01
1.08683719026706704369e-01 1.04268442941246750055e-01 9.73908013465879657256e-02 9.24660703281903195716e-02 8.94942498860537977157e-02 8.84753400201784140355e-02 8.94093407305641824090e-02 9.22962520172111028360e-02 9.71360738801191198055e-02 1.03928806319288288829e-01 1.12674449334718596027e-01 1.23373002926410027524e-01 1.36024467094362611075e-01 1.50628841838576332801e-01 1.67186127159051178825e-01 1.85696323055787149148e-01 2.06159429528784271524e-01 2.17367438053413408738e-01
0.00000000000000000000e+00 0.00000000000000000000e+00 0.00000000000000000000e+00 0.00000000000000000000e+00 0.00000000000000000000e+00 0.00000000000000000000e+00 0.00000000000000000000e+00 0.00000000000000000000e+00 0.00000000000000000000e+00 0.00000000000000000000e+00 0.00000000000000000000e+00 0.00000000000000000000e+00 0.00000000000000000000e+00 0.00000000000000000000e+00 0.00000000000000000000e+00 0.00000000000000000000e+00 0.00000000000000000000e+00 0.00000000000000000000e+00
