0.00000000000000000000e+00 0.00000000000000000000e+00 0.00000000000000000000e+00 0.00000000000000000000e+00 0.00000000000000000000e+00 0.00000000000000000000e+00 0.00000000000000000000e+00 0.00000000000000000000e+00 0.00000000000000000000e+00 0.00000000000000000000e+00 0.00000000000000000000e+00 0.00000000000000000000e+00 0.00000000000000000000e+00 0.00000000000000000000e+00 0.00000000000000000000e+00 0.00000000000000000000e+00 0.00000000000000000000e+00 0.00000000000000000000e+00
1.08683719026706704369e-01 1.05287352807122119858e-01 1.00192803477745243090e-01 9.67964372581606585788e-02 9.50982541483683663230e-02 9.50982541483683663230e-02 9.67964372581606585788e-02 1.00192803477745243090e-01 1.05287352807122133735e-01 1.12080085246291288881e-01 1.20571000795252750160e-01 1.30760099454006517572e-01 1.42647381222552549485e-01 1.56232846100890887531e-01 1.71516494089021531710e-01 1.88498325186944426513e-01 2.07178339394659655204e-01 2.17367438053413408738e-01
3.08962464071424192102e-01 3.00185121342122385180e-01 2.87238540816402154743e-01 2.78900065223565474248e-01 2.75169694563612177163e-01 2.76047428836542374508e-01 2.81533268042356066285e-01 2.91627212181053085960e-01 3.06329261252633766599e-01 3.25639415257097830647e-01 3.49557674194445111571e-01 3.78084038064676164481e-01 4.11218506867790434267e-01 4.48961080603788309507e-01 4.91311759272669734688e-01 5.38270542874434432257e-01 5.89837431409082513234e-01 6.17924928142848384205e-01
4.91704750809638324593e-01 4.79050584428507952861e-01 4.60747236627229994621e-01 4.49448873786934988139e-01 4.45155495907623044438e-01 4.47867102989293830451e-01 4.57583695031947457199e-01 4.74305272035584035706e-01 4.98031834000203565971e-01 5.28763380925805992483e-01 5.66499912812391204220e-01 6.11241429659959534249e-01 6.62987931468510538480e-01 7.21739418238044327936e-01 7.87495889968561346706e-01 8.60257346660061261723e-01 9.40023788312543739920e-01 9.83409501619276649187e-01
6.52514443812231559328e-01 6.37684570089226299139e-01 6.16830060166249971587e-01 6.04780787766308391973e-01 6.01536752889400894162e-01 6.07097955535528033266e-01 6.21464395704689143152e-01 6.44636073396885111997e-01 6.76612988612115051623e-01 7.17395141350379628165e-01 7.66982531611678508554e-01 8.25375159396011581769e-01 8.92573024703379291900e-01 9.68576127533781305878e-01 1.05338446788721751268e+00 1.14699804576368835640e+00 1.24941686116319350397e+00 1.30502888762446311866e+00
7.87176596384643878501e-01 7.72038584915708425704e-01 7.51696882004326383253e-01 7.41289499119433314966e-01 7.40816436261029109822e-01 7.50277693429113656798e-01 7.69673270623687511005e-01 7.99003167844749673243e-01 8.38267385092301142713e-01 8.87465922366341253280e-01 9.46598779666870449034e-01 1.01566595699388839691e+00 1.09466745434739531895e+00 1.18360327172739121515e+00 1.28247340913387586347e+00 1.39127786656684948596e+00 1.51001664402631186057e+00 1.57435319276928775700e+00
8.91903766156057264958e-01 8.78448321408013210743e-01 8.61869291272030602080e-01 8.55622120496152827052e-01 8.59706809080380662813e-01 8.74123357024713443231e-01 8.98871764329151501371e-01 9.33952030993694726213e-01 9.79364157018343117755e-01 1.03510814240309678702e+00 1.10118398714795540094e+00 1.17759169125291940361e+00 1.26433125471798857298e+00 1.36140267754316313109e+00 1.46880595972844241182e+00 1.58654110127382708129e+00 1.71460810217931713950e+00 1.78380753231211452992e+00
9.63583599702094728556e-01 9.53870055350259149485e-01 9.44399349607219606995e-01 9.44885026824811014023e-01 9.55327087003034480794e-01 9.75725530141889230151e-01 1.00608035624137581721e+00 1.04639156530149346480e+00 1.09665915732224306112e+00 1.15688313230362394002e+00 1.22706349024563632355e+00 1.30720023114828021171e+00 1.39729335501155582655e+00 1.49734286183546272397e+00 1.60734875162000112603e+00 1.72731102436517103271e+00 1.85722968007097288812e+00 1.92716719940418945711e+00
1.00000000000000000000e+00 9.96093749999999888978e-01 9.97070312500000111022e-01 1.00683593750000022204e+00 1.02539062500000000000e+00 1.05273437500000022204e+00 1.08886718750000000000e+00 1.13378906249999977796e+00 1.18750000000000022204e+00 1.25000000000000000000e+00 1.32128906250000000000e+00 1.40136718750000000000e+00 1.49023437500000000000e+00 1.58789062500000044409e+00 1.69433593750000000000e+00 1.80957031250000000000e+00 1.93359375000000022204e+00 2.00000000000000000000e+00
1.00000000000000000000e+00 1.00390625000000000000e+00 1.01855468750000022204e+00 1.04003906250000000000e+00 1.06835937499999977796e+00 1.10351562500000022204e+00 1.14550781250000000000e+00 1.19433593750000000000e+00 1.25000000000000000000e+00 1.31249999999999977796e+00 1.38183593750000000000e+00 1.45800781249999977796e+00 1.54101562499999977796e+00 1.63085937500000022204e+00 1.72753906250000022204e+00 1.83105468749999977796e+00 1.94140625000000022204e+00 2.00000000000000000000e+00
1.00000000000000000000e+00 1.01085155686114513962e+00 1.03765428136814907845e+00 1.06955661665986712094e+00 1.10655856273629837894e+00 1.14866011959744351856e+00 1.19586128724330253981e+00 1.24816206567387522064e+00 1.30556245488916156106e+00 1.36806245488916111697e+00 1.43566206567387522064e+00 1.50836128724330253981e+00 1.58616011959744351856e+00 1.66905856273629837894e+00 1.75705661665986712094e+00 1.85015428136814907845e+00 1.94835155686114513962e+00 2.00000000000000000000e+00
1.00000000000000000000e+00 1.01683345205566699754e+00 1.05410449315308496487e+00 1.09497967123658535016e+00 1.13945898630616948566e+00 1.18754243836183670524e+00 1.23923002740358700891e+00 1.29452175343142061870e+00 1.35341761644533753461e+00 1.41591761644533753461e+00 1.48202175343142061870e+00 1.55173002740358700891e+00 1.62504243836183670524e+00 1.70195898630616970770e+00 1.78247967123658557220e+00 1.86660449315308496487e+00 1.95433345205566744163e+00 2.00000000000000000000e+00
1.00000000000000000000e+00 1.02178874283191545302e+00 1.06773154278776716275e+00 1.11603965703564012024e+00 1.16671308557553432550e+00 1.21975182840744977852e+00 1.27515588553138625727e+00 1.33292525694734376174e+00 1.39305994265532295806e+00 1.45555994265532273602e+00 1.52042525694734398378e+00 1.58765588553138625727e+00 1.65725182840744977852e+00 1.72921308557553454754e+00 1.80353965703564012024e+00 1.88023154278776738479e+00 1.95928874283191523098e+00 2.00000000000000000000e+00
1.00000000000000000000e+00 1.02568879735387308294e+00 1.07845669272315070053e+00 1.13261488875396021392e+00 1.18816338544630184515e+00 1.24510218280017448400e+00 1.30343128081557946274e+00 1.36315067949251589319e+00 1.42426037883098421943e+00 1.48676037883098444148e+00 1.55065067949251611523e+00 1.61593128081557946274e+00 1.68260218280017470605e+00 1.75066338544630162311e+00 1.82011488875396043596e+00 1.89095669272315092257e+00 1.96318879735387330498e+00 2.00000000000000000000e+00
1.00000000000000000000e+00 1.02853839291832915848e+00 1.08629308052540518581e+00 1.14472566990289914557e+00 1.20383616105081059366e+00 1.26362455396913975214e+00 1.32409084865788684304e+00 1.38523504511705120024e+00 1.44705714334663348986e+00 1.50955714334663371190e+00 1.57273504511705120024e+00 1.63659084865788684304e+00 1.70112455396913975214e+00 1.76633616105081059366e+00 1.83222566990289914557e+00 1.89879308052540518581e+00 1.96603839291832938052e+00 2.00000000000000000000e+00
1.00000000000000000000e+00 1.03037226572706974714e+00 1.09133623074944186016e+00 1.15251962934004681394e+00 1.21392246149888394235e+00 1.27554472722595368950e+00 1.33738642652125605537e+00 1.39944755938479103996e+00 1.46172812581655842123e+00 1.52422812581655864328e+00 1.58694755938479103996e+00 1.64988642652125605537e+00 1.71304472722595368950e+00 1.77642246149888394235e+00 1.84001962934004659189e+00 1.90383623074944208220e+00 1.96787226572706974714e+00 2.00000000000000000000e+00
1.00000000000000000000e+00 1.03125000000000000000e+00 1.09375000000000000000e+00 1.15625000000000000000e+00 1.21875000000000000000e+00 1.28124999999999977796e+00 1.34374999999999977796e+00 1.40624999999999977796e+00 1.46874999999999977796e+00 1.53125000000000000000e+00 1.59375000000000000000e+00 1.65625000000000000000e+00 1.71875000000000000000e+00 1.78125000000000000000e+00 1.84375000000000000000e+00 1.90625000000000000000e+00 1.96875000000000000000e+00 2.00000000000000000000e+00
1.00000000000000000000e+00 1.03125000000000000000e+00 1.09375000000000000000e+00 1.15625000000000000000e+00 1.21875000000000000000e+00 1.28125000000000000000e+00 1.34375000000000000000e+00 1.40625000000000000000e+00 1.46875000000000000000e+00 1.53125000000000000000e+00 1.59375000000000000000e+00 1.65625000000000000000e+00 1.71875000000000000000e+00 1.78125000000000000000e+00 1.84375000000000000000e+00 1.90625000000000000000e+00 1.96875000000000000000e+00 2.00000000000000000000e+00
