0.00e+00 4.91e-02 1.47e-01 2.43e-01 3.37e-01 4.28e-01 5.15e-01 5.96e-01 6.72e-01 7.42e-01 8.04e-01 8.59e-01 9.05e-01 9.43e-01 9.71e-01 9.90e-01 1.00e+00 1.00e+00
0.00e+00 5.12e-02 1.53e-01 2.54e-01 3.52e-01 4.47e-01 5.38e-01 6.24e-01 7.05e-01 7.79e-01 8.46e-01 9.06e-01 9.58e-01 1.00e+00 1.04e+00 1.07e+00 1.09e+00 1.09e+00
0.00e+00 5.59e-02 1.67e-01 2.77e-01 3.84e-01 4.89e-01 5.89e-01 6.85e-01 7.75e-01 8.60e-01 9.37e-01 1.01e+00 1.07e+00 1.13e+00 1.18e+00 1.22e+00 1.26e+00 1.28e+00
0.00e+00 6.10e-02 1.82e-01 3.02e-01 4.20e-01 5.35e-01 6.45e-01 7.51e-01 8.52e-01 9.47e-01 1.04e+00 1.12e+00 1.19e+00 1.26e+00 1.33e+00 1.39e+00 1.44e+00 1.47e+00
0.00e+00 6.65e-02 1.99e-01 3.30e-01 4.59e-01 5.85e-01 7.06e-01 8.23e-01 9.34e-01 1.04e+00 1.14e+00 1.23e+00 1.32e+00 1.40e+00 1.48e+00 1.55e+00 1.62e+00 1.66e+00
0.00e+00 7.26e-02 2.17e-01 3.60e-01 5.01e-01 6.39e-01 7.72e-01 9.00e-01 1.02e+00 1.14e+00 1.25e+00 1.36e+00 1.45e+00 1.55e+00 1.64e+00 1.72e+00 1.80e+00 1.84e+00
0.00e+00 7.92e-02 2.37e-01 3.93e-01 5.47e-01 6.97e-01 8.42e-01 9.83e-01 1.12e+00 1.25e+00 1.37e+00 1.48e+00 1.59e+00 1.70e+00 1.80e+00 1.89e+00 1.98e+00 2.03e+00
0.00e+00 8.63e-02 2.58e-01 4.28e-01 5.96e-01 7.59e-01 9.18e-01 1.07e+00 1.22e+00 1.36e+00 1.49e+00 1.62e+00 1.74e+00 1.85e+00 1.96e+00 2.07e+00 2.17e+00 2.22e+00
0.00e+00 9.39e-02 2.81e-01 4.67e-01 6.49e-01 8.27e-01 9.99e-01 1.17e+00 1.32e+00 1.48e+00 1.62e+00 1.76e+00 1.89e+00 2.01e+00 2.13e+00 2.24e+00 2.35e+00 2.41e+00
0.00e+00 1.02e-01 3.06e-01 5.08e-01 7.06e-01 8.99e-01 1.09e+00 1.27e+00 1.44e+00 1.60e+00 1.76e+00 1.91e+00 2.04e+00 2.18e+00 2.30e+00 2.42e+00 2.54e+00 2.59e+00
0.00e+00 1.11e-01 3.33e-01 5.53e-01 7.68e-01 9.78e-01 1.18e+00 1.38e+00 1.56e+00 1.74e+00 1.91e+00 2.06e+00 2.21e+00 2.35e+00 2.48e+00 2.60e+00 2.72e+00 2.78e+00
0.00e+00 1.21e-01 3.63e-01 6.02e-01 8.36e-01 1.06e+00 1.28e+00 1.49e+00 1.70e+00 1.88e+00 2.06e+00 2.23e+00 2.38e+00 2.53e+00 2.66e+00 2.79e+00 2.91e+00 2.97e+00
0.00e+00 1.32e-01 3.95e-01 6.55e-01 9.10e-01 1.16e+00 1.40e+00 1.62e+00 1.84e+00 2.04e+00 2.23e+00 2.41e+00 2.57e+00 2.71e+00 2.85e+00 2.98e+00 3.10e+00 3.16e+00
0.00e+00 1.44e-01 4.31e-01 7.14e-01 9.91e-01 1.26e+00 1.52e+00 1.76e+00 2.00e+00 2.21e+00 2.41e+00 2.60e+00 2.76e+00 2.91e+00 3.05e+00 3.17e+00 3.29e+00 3.34e+00
0.00e+00 1.57e-01 4.70e-01 7.78e-01 1.08e+00 1.37e+00 1.65e+00 1.92e+00 2.17e+00 2.40e+00 2.61e+00 2.81e+00 2.98e+00 3.13e+00 3.26e+00 3.38e+00 3.48e+00 3.53e+00
0.00e+00 1.72e-01 5.13e-01 8.50e-01 1.18e+00 1.50e+00 1.80e+00 2.09e+00 2.36e+00 2.61e+00 2.83e+00 3.04e+00 3.21e+00 3.36e+00 3.49e+00 3.59e+00 3.68e+00 3.72e+00
0.00e+00 1.88e-01 5.61e-01 9.29e-01 1.29e+00 1.64e+00 1.97e+00 2.28e+00 2.57e+00 2.84e+00 3.08e+00 3.29e+00 3.47e+00 3.62e+00 3.74e+00 3.83e+00 3.89e+00 3.91e+00
0.00e+00 1.97e-01 5.88e-01 9.73e-01 1.35e+00 1.71e+00 2.06e+00 2.39e+00 2.69e+00 2.97e+00 3.22e+00 3.44e+00 3.62e+00 3.77e+00 3.88e+00 3.96e+00 4.00e+00 4.00e+00
