2.00000000000000011102e-01 1.99999999996688854198e-01 1.98898481669463389476e-01 1.93941649008590899506e-01 1.80791376383184099197e-01 1.59327234983443533078e-01 1.30622412321954373127e-01 9.63724146447289403694e-02 5.86885798431198424385e-02 2.94524310635230247846e-02 9.81747705764838413112e-03 1.22464679914735326880e-17
2.24999999999985156318e-01 2.22969535998383872055e-01 2.19571909308090146284e-01 2.11361688821619680967e-01 1.95425940592256625061e-01 1.70672807179225533014e-01 1.39880912126702339204e-01 1.02711134710005883020e-01 6.26161713710873257810e-02 3.13790516361862337202e-02 1.04675750893076097148e-02 1.37772764904033789909e-17
2.75000000000049316107e-01 2.70605201942539064230e-01 2.61507000031867609113e-01 2.47933217454604559737e-01 2.24693990591061154571e-01 1.95323237427186158222e-01 1.58274863915134511583e-01 1.16380909977711777259e-01 7.06250437141062725743e-02 3.54465362094258523706e-02 1.18115069787198823104e-02 1.68388934882898497266e-17
3.49999999999877742241e-01 3.42680613713451043267e-01 3.27521761962815571856e-01 3.05288824504106881541e-01 2.71912988160762147949e-01 2.34375661126309253746e-01 1.88343561835328965337e-01 1.38318812603857255183e-01 8.36573077479062510164e-02 4.20314122700738979077e-02 1.39881361473527185413e-02 2.14313189850474336055e-17
4.50000000000260580446e-01 4.38783881398384423278e-01 4.19089212806102784370e-01 3.84199057898120477361e-01 3.43051910506964485847e-01 2.87840922394856368882e-01 2.35542352579591662831e-01 1.69125548626106958494e-01 1.03689245517157135890e-01 5.15736084393673133164e-02 1.72859370111122373492e-02 2.75545529808764704828e-17
5.49999999999639999082e-01 5.38084019532453439183e-01 5.08078815004005424072e-01 4.74069758075053027113e-01 4.09659459928600977463e-01 3.59319253949751171717e-01 2.79312185119422906610e-01 2.09786071796829620695e-01 1.24487623988175588607e-01 6.32617256916704340242e-02 2.08852748833797674521e-02 3.36777869764744358261e-17
6.50000000000335531603e-01 6.33230995155728892954e-01 6.08468481711812225754e-01 5.54523935714310578504e-01 5.03356727164322670376e-01 4.15730659053386686352e-01 3.48038507566544863536e-01 2.45785110782130278295e-01 1.52722188265761227299e-01 7.53539212329945029545e-02 2.53972890798245531929e-02 3.98010209723557409013e-17
7.49999999999781730153e-01 7.36030228339710879126e-01 6.99521688059657753556e-01 6.59975438283387561000e-01 5.78805415635128106544e-01 5.13358651732860105099e-01 4.02573422569483474476e-01 3.03270387340145775035e-01 1.80531144414206257132e-01 9.17002150116013048375e-02 3.02982483622242088073e-02 4.59242549679868168322e-17
8.50000000000101785247e-01 8.34516522777366986929e-01 8.09446654084655214945e-01 7.59142522949712961200e-01 6.99649084752159144962e-01 5.98864490284621076022e-01 4.96658438916320887913e-01 3.59282358617969310721e-01 2.20923465708934924079e-01 1.10021319825329394471e-01 3.68561558521492832474e-02 5.20474889637776309335e-17
9.24999999999955524466e-01 9.15065097451572384557e-01 8.90853073514685234180e-01 8.60351003171356709665e-01 7.87638171281261456613e-01 6.97432716649407979936e-01 5.63727681876859731958e-01 4.19239453839527320689e-01 2.53409667668133886664e-01 1.27698601640635955867e-01 4.24431854574691611037e-02 5.66399144605599745678e-17
9.75000000000014743762e-01 9.68538803251248747728e-01 9.59577740266073675457e-01 9.29434975051718681449e-01 8.66623850479937285485e-01 7.58703430865634409486e-01 6.24812121106105511359e-01 4.58591520740417923907e-01 2.80136479631711510230e-01 1.40280897422087102999e-01 4.68261273357269691697e-02 5.97015314584347603013e-17
1.00000000000000000000e+00 9.99999999983298137884e-01 9.94492408347800393997e-01 9.69708245041808303277e-01 9.03956881918269283815e-01 7.96636174914013617254e-01 6.53112061612770689045e-01 4.81862073221715148108e-01 2.93442899216433461529e-01 1.47262155317297166457e-01 4.90873852883321332152e-02 6.12323399573676603587e-17
