2.00e-01 2.00e-01 1.99e-01 1.96e-01 1.92e-01 1.85e-01 1.77e-01 1.67e-01 1.55e-01 1.42e-01 1.27e-01 1.11e-01 9.44e-02 7.67e-02 5.82e-02 3.91e-02 1.96e-02 6.54e-03 1.22e-17
2.17e-01 2.16e-01 2.14e-01 2.10e-01 2.04e-01 1.96e-01 1.86e-01 1.75e-01 1.63e-01 1.49e-01 1.33e-01 1.16e-01 9.87e-02 8.01e-02 6.07e-02 4.08e-02 2.05e-02 6.83e-03 1.33e-17
2.50e-01 2.48e-01 2.44e-01 2.36e-01 2.28e-01 2.18e-01 2.06e-01 1.93e-01 1.79e-01 1.63e-01 1.46e-01 1.27e-01 1.08e-01 8.72e-02 6.61e-02 4.44e-02 2.23e-02 7.43e-03 1.53e-17
3.00e-01 2.96e-01 2.89e-01 2.78e-01 2.66e-01 2.53e-01 2.38e-01 2.22e-01 2.04e-01 1.86e-01 1.66e-01 1.44e-01 1.22e-01 9.87e-02 7.47e-02 5.01e-02 2.52e-02 8.39e-03 1.84e-17
3.50e-01 3.45e-01 3.36e-01 3.21e-01 3.05e-01 2.89e-01 2.71e-01 2.52e-01 2.31e-01 2.10e-01 1.87e-01 1.62e-01 1.37e-01 1.11e-01 8.39e-02 5.63e-02 2.82e-02 9.41e-03 2.14e-17
4.00e-01 3.94e-01 3.82e-01 3.64e-01 3.46e-01 3.26e-01 3.05e-01 2.83e-01 2.60e-01 2.35e-01 2.09e-01 1.82e-01 1.53e-01 1.24e-01 9.37e-02 6.28e-02 3.15e-02 1.05e-02 2.45e-17
4.50e-01 4.43e-01 4.29e-01 4.09e-01 3.87e-01 3.64e-01 3.41e-01 3.16e-01 2.89e-01 2.62e-01 2.33e-01 2.02e-01 1.70e-01 1.38e-01 1.04e-01 6.98e-02 3.50e-02 1.17e-02 2.76e-17
5.00e-01 4.92e-01 4.77e-01 4.53e-01 4.29e-01 4.04e-01 3.78e-01 3.50e-01 3.21e-01 2.90e-01 2.57e-01 2.24e-01 1.89e-01 1.52e-01 1.15e-01 7.72e-02 3.87e-02 1.29e-02 3.06e-17
5.50e-01 5.42e-01 5.25e-01 4.99e-01 4.72e-01 4.45e-01 4.16e-01 3.85e-01 3.53e-01 3.19e-01 2.84e-01 2.47e-01 2.08e-01 1.68e-01 1.27e-01 8.52e-02 4.27e-02 1.42e-02 3.37e-17
6.00e-01 5.91e-01 5.73e-01 5.45e-01 5.17e-01 4.87e-01 4.56e-01 4.23e-01 3.88e-01 3.51e-01 3.12e-01 2.71e-01 2.29e-01 1.85e-01 1.40e-01 9.37e-02 4.70e-02 1.57e-02 3.67e-17
6.50e-01 6.41e-01 6.22e-01 5.92e-01 5.62e-01 5.31e-01 4.97e-01 4.62e-01 4.24e-01 3.84e-01 3.42e-01 2.97e-01 2.51e-01 2.03e-01 1.53e-01 1.03e-01 5.16e-02 1.72e-02 3.98e-17
7.00e-01 6.90e-01 6.71e-01 6.41e-01 6.10e-01 5.76e-01 5.41e-01 5.03e-01 4.63e-01 4.19e-01 3.74e-01 3.25e-01 2.75e-01 2.22e-01 1.68e-01 1.13e-01 5.66e-02 1.89e-02 4.29e-17
7.50e-01 7.40e-01 7.21e-01 6.90e-01 6.59e-01 6.24e-01 5.87e-01 5.47e-01 5.04e-01 4.57e-01 4.08e-01 3.56e-01 3.01e-01 2.43e-01 1.84e-01 1.24e-01 6.20e-02 2.07e-02 4.59e-17
8.00e-01 7.90e-01 7.71e-01 7.42e-01 7.10e-01 6.75e-01 6.37e-01 5.95e-01 5.49e-01 4.99e-01 4.45e-01 3.88e-01 3.29e-01 2.66e-01 2.02e-01 1.35e-01 6.79e-02 2.26e-02 4.90e-17
8.50e-01 8.41e-01 8.24e-01 7.95e-01 7.64e-01 7.29e-01 6.90e-01 6.46e-01 5.97e-01 5.44e-01 4.86e-01 4.24e-01 3.59e-01 2.91e-01 2.21e-01 1.48e-01 7.44e-02 2.48e-02 5.20e-17
9.00e-01 8.92e-01 8.77e-01 8.52e-01 8.23e-01 7.88e-01 7.48e-01 7.02e-01 6.50e-01 5.93e-01 5.31e-01 4.64e-01 3.93e-01 3.19e-01 2.42e-01 1.62e-01 8.15e-02 2.72e-02 5.51e-17
9.50e-01 9.45e-01 9.34e-01 9.13e-01 8.86e-01 8.52e-01 8.11e-01 7.63e-01 7.08e-01 6.47e-01 5.80e-01 5.07e-01 4.30e-01 3.49e-01 2.65e-01 1.78e-01 8.93e-02 2.98e-02 5.82e-17
9.83e-01 9.81e-01 9.75e-01 9.58e-01 9.33e-01 9.00e-01 8.58e-01 8.09e-01 7.51e-01 6.87e-01 6.16e-01 5.39e-01 4.58e-01 3.71e-01 2.82e-01 1.89e-01 9.51e-02 3.17e-02 6.02e-17
1.00e+00 1.00e+00 9.97e-01 9.82e-01 9.58e-01 9.25e-01 8.83e-01 8.33e-01 7.74e-01 7.08e-01 6.35e-01 5.56e-01 4.72e-01 3.83e-01 2.91e-01 1.95e-01 9.82e-02 3.27e-02 6.12e-17
