2.00000000000000011102e-01 1.99999999698432573414e-01 1.98531309996491961423e-01 1.91922195705504283758e-01 1.74433804304362644055e-01 1.46192462871992251427e-01 1.09315973387112852500e-01 6.69737890939090252385e-02 3.36599216316878016575e-02 1.12199736919285190939e-02 1.22464679914735326880e-17
2.28571428571430423915e-01 2.25928930688380602554e-01 2.21699321508191438124e-01 2.10861867708387856757e-01 1.90084769898111405340e-01 1.57617070823723670614e-01 1.17992820338439677319e-01 7.19386816609293155977e-02 3.62342631508378587579e-02 1.20549297187802217923e-02 1.39959634188253872128e-17
2.85714285714280313844e-01 2.80388032356216676533e-01 2.68229815703493579271e-01 2.51737948072785600040e-01 2.20577785411999793830e-01 1.83478649204155408459e-01 1.34896013573685469300e-01 8.29045109205451824508e-02 4.14261510553960293768e-02 1.38607966642740401686e-02 1.74949542735382328740e-17
3.71428571428584763936e-01 3.61461864728699566740e-01 3.44358315536222869824e-01 3.13336872159171386798e-01 2.74493221047036106697e-01 2.21258218174873011463e-01 1.65348002265383375864e-01 9.96651377195173493462e-02 5.04019256538372206755e-02 1.67015955754729258920e-02 2.27434405555834611379e-17
4.85714285714256566173e-01 4.73566490868897238542e-01 4.43744682672567059001e-01 4.07729675288283077705e-01 3.44690229286435334544e-01 2.85482685972341165836e-01 2.05855993842356754797e-01 1.27214245302328610165e-01 6.30894691924300810015e-02 2.12194128133302989392e-02 2.97414222650268217120e-17
6.00000000000039945824e-01 5.82081623660172686741e-01 5.53973537118032988147e-01 4.98150186739210854014e-01 4.35919968346323516428e-01 3.46768044622827176227e-01 2.60913519933082094227e-01 1.56004083198114207320e-01 7.92913083260995410484e-02 2.61688903297814801086e-02 3.67394039743961957613e-17
7.14285714285684880664e-01 6.98005812770384981292e-01 6.57653683637873909262e-01 6.09216478232253999536e-01 5.21467740021974490716e-01 4.34947739493521723375e-01 3.15633058059000659590e-01 1.95205678199418253271e-01 9.69622739256539856179e-02 3.25827373959562127670e-02 4.37373856838539037431e-17
8.28571428571439838606e-01 8.10367166638789493405e-01 7.79592291747449372963e-01 7.21741226642179656281e-01 6.44509481517744342582e-01 5.27357286467531327645e-01 3.96121050639383132097e-01 2.39946070891435714323e-01 1.21267289546306070158e-01 4.02317181051746325382e-02 5.07353673932370027397e-17
9.14285714285710149341e-01 9.01964288247581347235e-01 8.72915302624860722780e-01 8.33266219255311191283e-01 7.43929982869048100902e-01 6.24563394926933912465e-01 4.62399742011199876845e-01 2.84548584831844975085e-01 1.42398370563320497695e-01 4.76077536176638949073e-02 5.59838536753123340589e-17
9.71428571428572751323e-01 9.63376235206959252722e-01 9.51760804664823933940e-01 9.13356928340492979501e-01 8.29649801826803257043e-01 6.91522351929615641808e-01 5.18584315272866080981e-01 3.16673404426467408612e-01 1.59475067946725779233e-01 5.30759083061475775422e-02 5.94828445300127705683e-17
1.00000000000000000000e+00 9.99999998492276942486e-01 9.92656549982130931298e-01 9.59610978528191549408e-01 8.72169021520640574963e-01 7.30962314361298659549e-01 5.46579866934543190382e-01 3.34868945470059298231e-01 1.68299608158214347720e-01 5.60998684597140834240e-02 6.12323399573676603587e-17
