2.0000000000e-01 1.9999985537e-01 1.9807384261e-01 1.9424013329e-01 1.8853584565e-01 1.8101582823e-01 1.7175253770e-01 1.6083518028e-01 1.4836887897e-01 1.3447372468e-01 1.1928349186e-01 1.0294451436e-01 8.5614110179e-02 6.7459200672e-02 4.8654627577e-02 2.9381467650e-02 9.8253741394e-03 1.2246467991e-17
2.2500000000e-01 2.2318498897e-01 2.1885776103e-01 2.1299936238e-01 2.0552338925e-01 1.9638607663e-01 1.8561771832e-01 1.7327264628e-01 1.5943278842e-01 1.4420020334e-01 1.2769559091e-01 1.1005563303e-01 9.1431028256e-02 7.1984370197e-02 5.1888068076e-02 3.1322212869e-02 1.0472410409e-02 1.3777276490e-17
2.7500000000e-01 2.7077969132e-01 2.6194116750e-01 2.5217270580e-01 2.4116043488e-01 2.2876562256e-01 2.1492842834e-01 1.9964649514e-01 1.8295661070e-01 1.6492821523e-01 1.4565771249e-01 1.2526474759e-01 1.0388874421e-01 8.1685784801e-02 5.8825541868e-02 3.5488256921e-02 1.1861725914e-02 1.6838893488e-17
3.2500000000e-01 3.1875426199e-01 3.0602362620e-01 2.9260599416e-01 2.7819617963e-01 2.6259507890e-01 2.4569071864e-01 2.2743335953e-01 2.0782339634e-01 1.8690208327e-01 1.6474552622e-01 1.4145960745e-01 1.1717563007e-01 9.2046203493e-02 6.6241285742e-02 3.9944286592e-02 1.3348206095e-02 1.9900510486e-17
3.7500000000e-01 3.6700275289e-01 3.5080854510e-01 3.3405308390e-01 3.1643600905e-01 2.9773855634e-01 2.7781403724e-01 2.5657968972e-01 2.3400729906e-01 2.1011617845e-01 1.8496694523e-01 1.5865609257e-01 1.3131086802e-01 1.0308436542e-01 7.4150717429e-02 4.4700359445e-02 1.4935339634e-02 2.2962127484e-17
4.2500000000e-01 4.1544887735e-01 3.9616992176e-01 3.7637427329e-01 3.5576887558e-01 3.3411946383e-01 3.1125631807e-01 2.8707190835e-01 2.6151680700e-01 2.3459434445e-01 2.0635510172e-01 1.7689124899e-01 1.4633088532e-01 1.1483238563e-01 8.2578791368e-02 4.9772251660e-02 1.6628517711e-02 2.6023744482e-17
4.7500000000e-01 4.6407719824e-01 4.4205475399e-01 4.1951591858e-01 3.9615643062e-01 3.7172463174e-01 3.4602952828e-01 3.1894363648e-01 2.9040154860e-01 2.6039622684e-01 2.2897385613e-01 1.9622796282e-01 1.6229314906e-01 1.2733868429e-01 9.1562077119e-02 5.5182694429e-02 1.8435448917e-02 2.9085361480e-17
5.2500000000e-01 5.1288380264e-01 4.8846259492e-01 4.6348698595e-01 4.3762666478e-01 4.1060375668e-01 3.8220395203e-01 3.5228131827e-01 3.2075841652e-01 2.8762305649e-01 2.5292298276e-01 2.1675937460e-01 1.7927976865e-01 1.4067076611e-01 1.0115072732e-01 6.0962548326e-02 2.0366547609e-02 3.2146978478e-17
5.7500000000e-01 5.6188156822e-01 5.3543072467e-01 5.0835176038e-01 4.8027022741e-01 4.5087131913e-01 4.1991270662e-01 3.8723020079e-01 3.5273776221e-01 3.1642352086e-01 2.7834337510e-01 2.3861329481e-01 1.9740107547e-01 1.5491797022e-01 1.1141041864e-01 6.7151956838e-02 2.2435317121e-02 3.5208595475e-17
6.2500000000e-01 6.1109576475e-01 5.8303370503e-01 5.5422928556e-01 5.2424343490e-01 4.9271177501e-01 4.5935848545e-01 4.2400144392e-01 3.8655023844e-01 3.4699991537e-01 3.0542234168e-01 2.6195659370e-01 2.1679912716e-01 1.7019413129e-01 1.2242421510e-01 7.3801448972e-02 2.4658714475e-02 3.8270212473e-17
6.7500000000e-01 6.6056616219e-01 6.3138789314e-01 6.0130083789e-01 5.6977754232e-01 5.3638963901e-01 5.0082343169e-01 4.6288114938e-01 4.2247466224e-01 3.7961476466e-01 3.3439903981e-01 2.8699955648e-01 2.3765110126e-01 1.8664011409e-01 1.3429432351e-01 8.0972970900e-02 2.7057490759e-02 4.1331829471e-17
7.2500000000e-01 7.1035289327e-01 6.8066213104e-01 6.4982604418e-01 6.1719554998e-01 5.8226542965e-01 5.4468279965e-01 5.0424159797e-01 4.6086695497e-01 4.1459784197e-01 3.6556992804e-01 3.1400008115e-01 2.6017247240e-01 2.0442614011e-01 1.4714368426e-01 8.8740813871e-02 2.9656496281e-02 4.4393446469e-17
7.7500000000e-01 7.6053880460e-01 7.3110184161e-01 7.0016929493e-01 6.6693953658e-01 6.3081820720e-01 5.9142273568e-01 5.4855440010e-01 5.0216979930e-01 4.5235319792e-01 3.9929392666e-01 3.4326747812e-01 2.8461980303e-01 2.2375379025e-01 1.6111732419e-01 9.7192398445e-02 3.2484937351e-02 4.7455063467e-17
8.2500000000e-01 8.1126353079e-01 7.8306157369e-01 7.5284865247e-01 7.1960973766e-01 6.8267635081e-01 6.4166112809e-01 5.9640470694e-01 5.4692201829e-01 4.9336552035e-01 4.3599678625e-01 3.7516555737e-01 3.1129294597e-01 2.4485756356e-01 1.7638340339e-01 1.0642887918e-01 3.5576575439e-02 5.0516680465e-17
8.7500000000e-01 8.6270460616e-01 8.3710171352e-01 8.0860605700e-01 7.7602434368e-01 7.3865271782e-01 6.9616983687e-01 6.4850369969e-01 5.9576609219e-01 5.3820459605e-01 4.7617394675e-01 4.1011452683e-01 3.4053637623e-01 2.6800581735e-01 1.9313385204e-01 1.1656551982e-01 3.8969848250e-02 5.3578297463e-17
9.2500000000e-01 9.1533009646e-01 8.9410756360e-01 8.6855070215e-01 8.3728389806e-01 7.9978374064e-01 7.5589070483e-01 7.0569697037e-01 6.4945163772e-01 5.8752714862e-01 5.2039148243e-01 4.4859165864e-01 3.7273970082e-01 2.9350118992e-01 2.1158469930e-01 1.2773189546e-01 4.2707947768e-02 5.6639914461e-17
9.7500000000e-01 9.6974726621e-01 9.5579081630e-01 9.3428200647e-01 9.0485244431e-01 8.6733927411e-01 8.2193995523e-01 7.6896045773e-01 7.0883201383e-01 6.4207339611e-01 5.6928365340e-01 4.9112948538e-01 4.0833647670e-01 3.2167984560e-01 2.3197561741e-01 1.4007167378e-01 4.6838733293e-02 5.9701531458e-17
1.0000000000e+00 9.9999927686e-01 9.9036921305e-01 9.7120066647e-01 9.4267922826e-01 9.0507914115e-01 8.5876268848e-01 8.0417590142e-01 7.4184439485e-01 6.7236862339e-01 5.9641745930e-01 5.1472257178e-01 4.2807055089e-01 3.3729600336e-01 2.4327313788e-01 1.4690733825e-01 4.9126870697e-02 6.1232339957e-17
