2.0000000000e-01 1.9999999993e-01 1.9967872394e-01 1.9823298163e-01 1.9439623330e-01 1.8868734296e-01 1.8116129037e-01 1.7189055551e-01 1.6096442064e-01 1.4848811042e-01 1.3458177849e-01 1.1937935052e-01 1.0302723405e-01 8.5682909165e-02 6.7513410738e-02 4.8693721745e-02 2.9405084733e-02 1.4726217989e-02 4.9087386812e-03 1.2246467991e-17
2.1250000000e-01 2.1195947243e-01 2.1093134527e-01 2.0858446316e-01 2.0376126537e-01 1.9716623819e-01 1.8883859495e-01 1.7881623105e-01 1.6717917082e-01 1.5401697123e-01 1.3944333496e-01 1.2358430358e-01 1.0658235308e-01 8.8591203318e-02 6.9776058367e-02 5.0310552514e-02 3.0375565201e-02 1.5211504065e-02 5.0705032545e-03 1.3011872241e-17
2.3750000000e-01 2.3625242221e-01 2.3372655739e-01 2.2963017791e-01 2.2279218696e-01 2.1443387273e-01 2.0448042716e-01 1.9294599381e-01 1.7986593405e-01 1.6531402034e-01 1.4938218834e-01 1.3218626096e-01 1.1385793889e-01 9.4545533790e-02 7.4409751806e-02 5.3622476675e-02 3.2363734298e-02 1.6205750066e-02 5.4019123622e-03 1.4542680740e-17
2.7500000000e-01 2.7284909605e-01 2.6857152561e-01 2.6194100616e-01 2.5217353234e-01 2.4116023209e-01 2.2876604613e-01 2.1492831425e-01 1.9964669752e-01 1.8295658539e-01 1.6492831491e-01 1.4565772228e-01 1.2526480061e-01 1.0388876047e-01 8.1685813478e-02 5.8825552749e-02 3.5488269387e-02 1.7768362255e-02 5.9227873331e-03 1.6838893488e-17
3.2500000000e-01 3.2186076206e-01 3.1557106123e-01 3.0602444305e-01 2.9260600225e-01 2.7819662844e-01 2.6259511821e-01 2.4569095991e-01 2.2743341961e-01 2.0782353710e-01 1.8690214768e-01 1.6474561547e-01 1.4145966135e-01 1.1717568672e-01 9.2046239365e-02 6.6241317054e-02 3.9944300351e-02 1.9997237740e-02 6.6657429135e-03 1.9900510486e-17
3.7500000000e-01 3.7098293593e-01 3.6295527943e-01 3.5080837347e-01 3.3405351404e-01 3.1643605306e-01 2.9773881752e-01 2.7781412628e-01 2.5657985539e-01 2.3400738947e-01 2.1011628992e-01 1.8496702091e-01 1.5865616785e-01 1.3131092248e-01 1.0308441129e-01 7.4150748550e-02 4.4700377857e-02 2.2376605666e-02 7.4588663231e-03 2.2962127484e-17
4.2500000000e-01 4.2021064727e-01 4.1062864234e-01 3.9617029064e-01 3.7637433329e-01 3.5576913256e-01 3.3411959005e-01 3.1125650943e-01 2.8707203663e-01 2.6151694998e-01 2.3459445314e-01 2.0635520595e-01 1.7689133042e-01 1.4633095571e-01 1.1483243722e-01 8.2578830789e-02 4.9772271895e-02 2.4914465469e-02 8.3048184693e-03 2.6023744482e-17
4.7500000000e-01 4.6952347684e-01 4.5857193480e-01 4.4205474445e-01 4.1951612898e-01 3.9615656464e-01 3.7172483086e-01 3.4602968627e-01 3.1894380620e-01 2.9040169031e-01 2.6039636044e-01 2.2897396754e-01 1.9622805932e-01 1.6229322649e-01 1.2733874439e-01 9.1562120761e-02 5.5182718191e-02 2.7622275964e-02 9.2074218561e-03 2.9085361480e-17
5.2500000000e-01 5.1892617147e-01 5.0677859515e-01 4.8846266529e-01 4.6348715514e-01 4.3762683869e-01 4.1060395356e-01 3.8220414068e-01 3.5228150050e-01 3.2075858145e-01 2.8762320438e-01 2.5292311050e-01 2.1675948236e-01 1.7927985656e-01 1.4067083328e-01 1.0115077661e-01 6.0962574765e-02 3.0515565488e-02 1.0171851197e-02 3.2146978478e-17
5.7500000000e-01 5.6842335158e-01 5.5526857856e-01 5.3543100707e-01 5.0835185832e-01 4.8027048042e-01 4.5087151279e-01 4.1991294078e-01 3.8723039621e-01 3.5273795522e-01 3.1642368263e-01 2.7834352018e-01 2.3861341301e-01 1.9740117370e-01 1.5491804375e-01 1.1141047331e-01 6.7151985584e-02 3.3614496702e-02 1.1204827732e-02 3.5208595475e-17
6.2500000000e-01 6.1802586535e-01 6.0408112410e-01 5.8303347469e-01 5.5422968197e-01 5.2424358109e-01 4.9271209990e-01 4.5935870174e-01 4.2400170235e-01 3.8655043596e-01 3.4700010854e-01 3.0542249471e-01 2.6195672808e-01 2.1679923168e-01 1.7019421305e-01 1.2242427324e-01 7.3801481075e-02 3.6944418786e-02 1.2314801819e-02 3.8270212473e-17
6.7500000000e-01 6.6775887793e-01 6.5327034715e-01 6.3138872045e-01 6.0130084341e-01 5.6977804661e-01 5.3638985889e-01 5.0082379919e-01 4.6288138251e-01 4.2247492495e-01 3.7961495523e-01 3.3439922169e-01 2.8699969355e-01 2.3765121910e-01 1.8664019843e-01 1.3429438789e-01 8.0973003356e-02 4.0536383942e-02 1.3512122474e-02 4.1331829471e-17
7.2500000000e-01 7.1764046762e-01 7.0293270898e-01 6.8066141737e-01 6.4982695873e-01 6.1719566711e-01 5.8226601339e-01 5.4468304333e-01 5.0424197699e-01 4.6086717765e-01 4.1459809015e-01 3.6557009807e-01 3.1400024149e-01 2.6017258746e-01 2.0442623436e-01 1.4714374778e-01 8.8740850926e-02 4.4427597978e-02 1.4809194917e-02 4.4393446469e-17
7.7500000000e-01 7.6773177396e-01 7.5317643577e-01 7.3110382214e-01 7.0016920526e-01 6.6694058490e-01 6.3081842996e-01 5.9142333964e-01 5.4855464267e-01 5.0217015829e-01 4.5235339647e-01 3.9929414830e-01 3.4326762167e-01 2.8461993858e-01 2.2375387895e-01 1.6111739682e-01 9.7192431824e-02 4.8661828967e-02 1.6220602894e-02 4.7455063467e-17
8.2500000000e-01 8.1806165622e-01 8.0421870051e-01 7.8306043621e-01 7.5285070688e-01 7.1960968747e-01 6.8267742625e-01 6.4166128183e-01 5.9640526744e-01 5.4692219509e-01 4.9336583053e-01 4.3599693610e-01 3.7516573906e-01 3.1129305316e-01 2.4485766602e-01 1.7638346367e-01 1.0642892045e-01 5.3289672019e-02 1.7763220880e-02 5.0516680465e-17
8.7500000000e-01 8.6878599819e-01 8.5630090419e-01 8.3710584723e-01 8.0860591789e-01 7.7602646724e-01 7.3865271509e-01 6.9617086258e-01 6.4850379633e-01 5.9576660871e-01 5.3820473545e-01 4.7617423138e-01 4.1011465321e-01 3.4053654054e-01 2.6800590328e-01 1.9313393944e-01 1.1656555086e-01 5.8368798702e-02 1.9456256739e-02 5.3578297463e-17
9.2500000000e-01 9.1997001422e-01 9.1003193832e-01 8.9410662613e-01 8.6855481620e-01 8.3728277865e-01 7.9978578006e-01 7.5589002451e-01 7.0569788469e-01 6.4945140690e-01 5.8752755405e-01 5.2039144364e-01 4.4859184908e-01 3.7273971802e-01 2.9350128410e-01 2.1158471636e-01 1.2773193813e-01 6.3963938790e-02 2.1321315927e-02 5.6639914461e-17
9.6250000000e-01 9.5912895767e-01 9.5223289204e-01 9.4037786315e-01 9.1784655491e-01 8.8796638184e-01 8.5044764000e-01 8.0543057195e-01 7.5314364190e-01 6.9398823673e-01 6.2843667982e-01 5.5706125204e-01 4.8049511385e-01 3.9943762322e-01 3.1463528800e-01 2.2687806403e-01 1.3698676751e-01 6.8601274473e-02 2.2867071476e-02 5.8936127209e-17
9.8750000000e-01 9.8575290412e-01 9.8252350236e-01 9.7366460496e-01 9.5343489540e-01 9.2443019703e-01 8.8687482954e-01 8.4098136664e-01 7.8716719550e-01 7.2589091447e-01 6.5772526916e-01 5.8329817926e-01 5.0331358354e-01 4.1852601065e-01 3.2974247584e-01 2.3780799481e-01 1.4360052806e-01 7.1915029976e-02 2.3971686733e-02 6.0466935708e-17
1.0000000000e+00 9.9999999963e-01 9.9839361968e-01 9.9116490813e-01 9.7198116651e-01 9.4343671479e-01 9.0580645183e-01 8.5945277757e-01 8.0482210319e-01 7.4244055210e-01 6.7290889244e-01 5.9689675262e-01 5.1513617025e-01 4.2841454583e-01 3.3756705369e-01 2.4346860873e-01 1.4702542366e-01 7.3631089944e-02 2.4543693406e-02 6.1232339957e-17
