2.00000000000000011102e-01 2.00000001295468160523e-01 1.97943826983413673215e-01 1.88691094733870967648e-01 1.64334128890203240436e-01 1.25852959743056547204e-01 7.79342023001803607674e-02 3.92699231835033427118e-02 1.30899645098248619546e-02 1.22464679914735326880e-17
2.33333333333344911109e-01 2.29954904659179393267e-01 2.23984089705440564400e-01 2.09755268021646984478e-01 1.80531341939028477928e-01 1.37227470377294352710e-01 8.48804880593599098138e-02 4.27019671512810713998e-02 1.42450094294862498329e-02 1.42875459900523587630e-17
2.99999999999970901055e-01 2.92604878940045443070e-01 2.77748383032809298410e-01 2.54209662693556937008e-01 2.14167559942177565535e-01 1.61600318427407574351e-01 9.94179773611429395963e-02 5.00295546273241270585e-02 1.66757872229819498200e-02 1.83697019872104823806e-17
4.00000000000049149573e-01 3.87998066640975469710e-01 3.63091043706937455227e-01 3.26089792475912187975e-01 2.69495905213099518072e-01 2.02014798085023594698e-01 1.23625956647133827815e-01 6.22587140506675462692e-02 2.07192961108472184506e-02 2.44929359829468034496e-17
5.33333333333261716547e-01 5.15563409118998228209e-01 4.82657194370324837962e-01 4.28353276440304298056e-01 3.53973262759385121079e-01 2.62460594522234635928e-01 1.61520866378940364250e-01 8.08448705097474518144e-02 2.70428492560657457444e-02 3.26572479772631153960e-17
6.66666666666734686331e-01 6.47124443224905698813e-01 6.03957735674951257110e-01 5.43877889980450834884e-01 4.48042699014067569152e-01 3.37708974880150170073e-01 2.06023194714947122108e-01 1.04085261327464428938e-01 3.45514016055448250353e-02 4.08215599715781115471e-17
7.99999999999958633090e-01 7.78564507210850353935e-01 7.39637683121129985153e-01 6.72262385643329629659e-01 5.70859481267286916761e-01 4.29414061954023762446e-01 2.65821144608215820249e-01 1.33271896139801476755e-01 4.45673773808126089113e-02 4.89858719658944820418e-17
9.00000000000020894397e-01 8.84194486942084578729e-01 8.48754872696175777236e-01 7.95469319761072157782e-01 6.80921502447551452164e-01 5.20939878506264553160e-01 3.20637580884491679711e-01 1.61987816566954323516e-01 5.38558408337787147824e-02 5.51091059616305196139e-17
9.66666666666659235574e-01 9.56351707247302673665e-01 9.40627476647126203879e-01 8.89498558876537726015e-01 7.73497955829261729654e-01 5.89832908976954728431e-01 3.65896515287281121065e-01 1.83986641803074002510e-01 6.14265595689475057961e-02 5.91912619587889606247e-17
1.00000000000000000000e+00 1.00000000647731535075e+00 9.89719134917131038165e-01 9.43455473669250865854e-01 8.21670644451163667554e-01 6.29264798715146178587e-01 3.89671011500985098319e-01 1.96349615917472464233e-01 6.54498225491407653598e-02 6.12323399573676603587e-17
