2.00000000000000011102e-01 2.00000000000684241552e-01 1.99143263503731154929e-01 1.95287949299063179343e-01 1.85044859769921771209e-01 1.68224700355521256112e-01 1.45426788609971907595e-01 1.17618940247444556113e-01 8.60648924617278127114e-02 5.22156891490151639501e-02 2.61799387790866804060e-02 8.72664626011512845061e-03 1.22464679914735326880e-17
2.22222222222340254350e-01 2.20531446662056207497e-01 2.17977624276214337895e-01 2.11112933663018476071e-01 1.99198631127542963304e-01 1.78693214743610634399e-01 1.55368507692968754741e-01 1.24230059099227380104e-01 9.14399162182359115381e-02 5.51898010303501287965e-02 2.77419331499286839215e-02 9.23172393589145184878e-03 1.36071866571973086191e-17
2.66666666666242113681e-01 2.63334651908060157766e-01 2.55230855289172886557e-01 2.45661145421838256198e-01 2.24727657423831161942e-01 2.04909884429250732651e-01 1.71560262927114126619e-01 1.40965028978040640695e-01 1.01043762267547465594e-01 6.18892428617929257761e-02 3.08169840156453656022e-02 1.03147142691392898484e-02 1.63286239886148036482e-17
3.33333333334470682807e-01 3.26658788822518086903e-01 3.16508452449052679611e-01 2.94444210986444909750e-01 2.74361045748728216154e-01 2.34756060373331854052e-01 2.08628620415340471084e-01 1.59939450457448617549e-01 1.20407783809462598512e-01 7.12665812509477580861e-02 3.61810766310464992923e-02 1.19600641246888211855e-02 2.04107799858341132898e-17
4.22222222219517662190e-01 4.14986974515338058467e-01 3.92927705478196109823e-01 3.75011988601369861129e-01 3.23869213444037296057e-01 3.04774290334817621329e-01 2.36792396347949907209e-01 2.05610225966670334685e-01 1.39686995207617181691e-01 8.82154474775268537812e-02 4.30721696476411564092e-02 1.45951116799252766931e-02 2.58536546485601912393e-17
5.11111111115515548420e-01 4.97602081874297219599e-01 4.83973925824019879371e-01 4.36205636671371799196e-01 4.16485465165744805915e-01 3.30632133199139310875e-01 3.16253233455871640700e-01 2.22883893015439316088e-01 1.78531269043215257142e-01 1.01318675597656060461e-01 5.27102032614502613583e-02 1.71547759151680911938e-02 3.12965293117125868782e-17
5.99999999994915156343e-01 5.90915093535794966328e-01 5.54996635600899068663e-01 5.36712629001227625736e-01 4.50427877756427896827e-01 4.41914007868169811388e-01 3.25055311689999903990e-01 2.97868604491028143855e-01 1.94122358783457293896e-01 1.26035535291807443414e-01 6.05648148600632652006e-02 2.07322682754811915551e-02 3.67394039742329570207e-17
6.88888888893089967880e-01 6.71762787577167230779e-01 6.55272547447173892010e-01 5.94108584595419486618e-01 5.70346812892378096649e-01 4.57681385478418079060e-01 4.37294887341300508865e-01 3.11297537835133031336e-01 2.48390489746999509890e-01 1.41646398707194531852e-01 7.35199340135566092869e-02 2.39691430436590746655e-02 4.21822786374433339363e-17
7.77777777775321199627e-01 7.66580582032886592714e-01 7.30790139191749066327e-01 7.03803311420727606418e-01 6.18245335006123220012e-01 5.85414068522784436510e-01 4.62791141347656864724e-01 4.00384418590169044450e-01 2.75098665125622421357e-01 1.73041155660978773767e-01 8.48119323766237664941e-02 2.86699768615114314319e-02 4.76251533000971325053e-17
8.66666666667650242850e-01 8.53024390292641321309e-01 8.33292110399377783381e-01 7.86928912532450230977e-01 7.44519305730978686597e-01 6.49233602349466254466e-01 5.78179382925905316348e-01 4.49362538662058663697e-01 3.37323194716082241928e-01 2.00834945899431904781e-01 1.01724747672692128475e-01 3.36887880200506320549e-02 5.30680279630794053597e-17
9.33333333332983183794e-01 9.25239252348236451695e-01 9.04376637599039412407e-01 8.80997601693719434301e-01 8.18617287119662528916e-01 7.51762585850742848237e-01 6.35882898045078914784e-01 5.22680116077978929034e-01 3.76745648867044036212e-01 2.30514575900542584286e-01 1.14966528854699726048e-01 3.84444407641605506720e-02 5.71501839602015094651e-17
9.77777777777871781595e-01 9.72448272100874033796e-01 9.65392603927610615244e-01 9.40793034703827135701e-01 8.92559625988172067323e-01 8.04810374404050232755e-01 7.00692878192600288045e-01 5.61974771018818208823e-01 4.13585695950770049212e-01 2.49920527060481678649e-01 1.25580528124338480778e-01 4.18033302412565421768e-02 5.98716212916502692705e-17
1.00000000000000000000e+00 1.00000000000327338157e+00 9.95716317519151350446e-01 9.76439746494121352249e-01 9.25224298852063919973e-01 8.41123501774304616063e-01 7.27133943052815756580e-01 5.88094701235499783820e-01 4.30324462309228494838e-01 2.61078445745001330724e-01 1.30899693895404622968e-01 4.36332313005958136176e-02 6.12323399573676603587e-17
