0.00000000000000000000e+00 1.30899645098255766607e-02 3.92699231835006018487e-02 7.79342023001881323285e-02 1.25852959743037673412e-01 1.64334128890231689901e-01 1.88691094733845654563e-01 1.97943826983431603317e-01 2.00000001295460222428e-01 2.00000000000000011102e-01
0.00000000000000000000e+00 1.42450094294876653672e-02 4.27019671512773660305e-02 8.48804880593658772625e-02 1.37227470377284693770e-01 1.80531341939038969535e-01 2.09755268021640656206e-01 2.23984089705442451779e-01 2.29954904659179448778e-01 2.33333333333344911109e-01
0.00000000000000000000e+00 1.66757872229769711636e-02 5.00295546273406138704e-02 9.94179773611150729984e-02 1.61600318427448624847e-01 2.14167559942140262041e-01 2.54209662693574034442e-01 2.77748383032802748094e-01 2.92604878940047608005e-01 2.99999999999970901055e-01
0.00000000000000000000e+00 2.07192961108585288477e-02 6.22587140506276337515e-02 1.23625956647200940797e-01 2.02014798084920954580e-01 2.69495905213195940942e-01 3.26089792475861783849e-01 3.63091043706956884130e-01 3.87998066640967365082e-01 4.00000000000049149573e-01
0.00000000000000000000e+00 2.70428492560469552197e-02 8.08448705098227804466e-02 1.61520866378805444397e-01 2.62460594522443246834e-01 3.53973262759185558490e-01 4.28353276440408547998e-01 4.82657194370278208595e-01 5.15563409119013549287e-01 5.33333333333261716547e-01
0.00000000000000000000e+00 3.45514016055646286385e-02 1.04085261327379940965e-01 2.06023194715101720664e-01 3.37708974879903423005e-01 4.48042699014307932437e-01 5.43877889980318607321e-01 6.03957735675005769060e-01 6.47124443224887047066e-01 6.66666666666734686331e-01
0.00000000000000000000e+00 4.45673773808005005415e-02 1.33271896139860429598e-01 2.65821144608099246831e-01 4.29414061954209891336e-01 5.70859481267105728364e-01 6.72262385643426441106e-01 7.39637683121087352589e-01 7.78564507210863121500e-01 7.99999999999958633090e-01
0.00000000000000000000e+00 5.38558408337848071312e-02 1.61987816566920683758e-01 3.20637580884561346206e-01 5.20939878506147646675e-01 6.80921502447668247626e-01 7.95469319761004767244e-01 8.48754872696200757254e-01 8.84194486942075474900e-01 9.00000000000020894397e-01
0.00000000000000000000e+00 6.14265595689496221588e-02 1.83986641803084216562e-01 3.65896515287249646242e-01 5.89832908977011127760e-01 7.73497955829205996459e-01 8.89498558876566591813e-01 9.40627476647115656760e-01 9.56351707247303561843e-01 9.66666666666659235574e-01
0.00000000000000000000e+00 6.54498225491306206969e-02 1.96349615917498360185e-01 3.89671011500937691796e-01 6.29264798715221118641e-01 8.21670644451087506255e-01 9.43455473669302158157e-01 9.89719134917100618054e-01 1.00000000647732734116e+00 1.00000000000000000000e+00
