0.00e+00 9.83e-03 2.94e-02 4.87e-02 6.75e-02 8.56e-02 1.03e-01 1.19e-01 1.34e-01 1.48e-01 1.61e-01 1.72e-01 1.81e-01 1.89e-01 1.94e-01 1.98e-01 2.00e-01 2.00e-01
0.00e+00 1.05e-02 3.13e-02 5.19e-02 7.20e-02 9.14e-02 1.10e-01 1.28e-01 1.44e-01 1.59e-01 1.73e-01 1.86e-01 1.96e-01 2.06e-01 2.13e-01 2.19e-01 2.23e-01 2.25e-01
0.00e+00 1.19e-02 3.55e-02 5.88e-02 8.17e-02 1.04e-01 1.25e-01 1.46e-01 1.65e-01 1.83e-01 2.00e-01 2.15e-01 2.29e-01 2.41e-01 2.52e-01 2.62e-01 2.71e-01 2.75e-01
0.00e+00 1.33e-02 3.99e-02 6.62e-02 9.20e-02 1.17e-01 1.41e-01 1.65e-01 1.87e-01 2.08e-01 2.27e-01 2.46e-01 2.63e-01 2.78e-01 2.93e-01 3.06e-01 3.19e-01 3.25e-01
0.00e+00 1.49e-02 4.47e-02 7.42e-02 1.03e-01 1.31e-01 1.59e-01 1.85e-01 2.10e-01 2.34e-01 2.57e-01 2.78e-01 2.98e-01 3.16e-01 3.34e-01 3.51e-01 3.67e-01 3.75e-01
0.00e+00 1.66e-02 4.98e-02 8.26e-02 1.15e-01 1.46e-01 1.77e-01 2.06e-01 2.35e-01 2.62e-01 2.87e-01 3.11e-01 3.34e-01 3.56e-01 3.76e-01 3.96e-01 4.15e-01 4.25e-01
0.00e+00 1.84e-02 5.52e-02 9.16e-02 1.27e-01 1.62e-01 1.96e-01 2.29e-01 2.60e-01 2.90e-01 3.19e-01 3.46e-01 3.72e-01 3.96e-01 4.20e-01 4.42e-01 4.64e-01 4.75e-01
0.00e+00 2.04e-02 6.10e-02 1.01e-01 1.41e-01 1.79e-01 2.17e-01 2.53e-01 2.88e-01 3.21e-01 3.52e-01 3.82e-01 4.11e-01 4.38e-01 4.63e-01 4.88e-01 5.13e-01 5.25e-01
0.00e+00 2.24e-02 6.72e-02 1.11e-01 1.55e-01 1.97e-01 2.39e-01 2.78e-01 3.16e-01 3.53e-01 3.87e-01 4.20e-01 4.51e-01 4.80e-01 5.08e-01 5.35e-01 5.62e-01 5.75e-01
0.00e+00 2.47e-02 7.38e-02 1.22e-01 1.70e-01 2.17e-01 2.62e-01 3.05e-01 3.47e-01 3.87e-01 4.24e-01 4.59e-01 4.93e-01 5.24e-01 5.54e-01 5.83e-01 6.11e-01 6.25e-01
0.00e+00 2.71e-02 8.10e-02 1.34e-01 1.87e-01 2.38e-01 2.87e-01 3.34e-01 3.80e-01 4.22e-01 4.63e-01 5.01e-01 5.36e-01 5.70e-01 6.01e-01 6.31e-01 6.61e-01 6.75e-01
0.00e+00 2.97e-02 8.87e-02 1.47e-01 2.04e-01 2.60e-01 3.14e-01 3.66e-01 4.15e-01 4.61e-01 5.04e-01 5.45e-01 5.82e-01 6.17e-01 6.50e-01 6.81e-01 7.10e-01 7.25e-01
0.00e+00 3.25e-02 9.72e-02 1.61e-01 2.24e-01 2.85e-01 3.43e-01 3.99e-01 4.52e-01 5.02e-01 5.49e-01 5.91e-01 6.31e-01 6.67e-01 7.00e-01 7.31e-01 7.61e-01 7.75e-01
0.00e+00 3.56e-02 1.06e-01 1.76e-01 2.45e-01 3.11e-01 3.75e-01 4.36e-01 4.93e-01 5.47e-01 5.96e-01 6.42e-01 6.83e-01 7.20e-01 7.53e-01 7.83e-01 8.11e-01 8.25e-01
0.00e+00 3.90e-02 1.17e-01 1.93e-01 2.68e-01 3.41e-01 4.10e-01 4.76e-01 5.38e-01 5.96e-01 6.49e-01 6.96e-01 7.39e-01 7.76e-01 8.09e-01 8.37e-01 8.63e-01 8.75e-01
0.00e+00 4.27e-02 1.28e-01 2.12e-01 2.94e-01 3.73e-01 4.49e-01 5.20e-01 5.88e-01 6.49e-01 7.06e-01 7.56e-01 8.00e-01 8.37e-01 8.69e-01 8.94e-01 9.15e-01 9.25e-01
0.00e+00 4.68e-02 1.40e-01 2.32e-01 3.22e-01 4.08e-01 4.91e-01 5.69e-01 6.42e-01 7.09e-01 7.69e-01 8.22e-01 8.67e-01 9.05e-01 9.34e-01 9.56e-01 9.70e-01 9.75e-01
0.00e+00 4.91e-02 1.47e-01 2.43e-01 3.37e-01 4.28e-01 5.15e-01 5.96e-01 6.72e-01 7.42e-01 8.04e-01 8.59e-01 9.05e-01 9.43e-01 9.71e-01 9.90e-01 1.00e+00 1.00e+00
