0.00000000000000000000e+00 8.72664626015418401495e-03 2.61799387789543279437e-02 5.22156891493426866813e-02 8.60648924610174087535e-02 1.17618940248482295452e-01 1.45426788608921664370e-01 1.68224700356254586175e-01 1.85044859769580322117e-01 1.95287949299160934480e-01 1.99143263503711642759e-01 2.00000000000685462798e-01 2.00000000000000011102e-01
0.00000000000000000000e+00 9.23172393582995763628e-03 2.77419331501035648646e-02 5.51898010299200422746e-02 9.14399162192489206591e-02 1.24230059097539285995e-01 1.55368507694998325697e-01 1.78693214741842076876e-01 1.99198631128654046751e-01 2.11112933662518875710e-01 2.17977624276430304029e-01 2.20531446661981628266e-01 2.22222222222340254350e-01
0.00000000000000000000e+00 1.03147142693874038777e-02 3.08169840147640983208e-02 6.18892428643391667720e-02 1.01043762261067149311e-01 1.40965028989190443998e-01 1.71560262913707850529e-01 2.04909884440685918783e-01 2.24727657416917026012e-01 2.45661145424751148347e-01 2.55230855288019253813e-01 2.63334651908420092070e-01 2.66666666666242113681e-01
0.00000000000000000000e+00 1.19600641239115124126e-02 3.61810766339779599221e-02 7.12665812422349498334e-02 1.20407783831880776937e-01 1.59939450418662865161e-01 2.08628620462106173505e-01 2.34756060333499272375e-01 2.74361045772573142187e-01 2.94444210976594566986e-01 3.16508452452815447487e-01 3.26658788821418299975e-01 3.33333333334470682807e-01
0.00000000000000000000e+00 1.45951116820785820050e-02 4.30721696392856179259e-02 8.82154475027576712165e-02 1.39686995142235259593e-01 2.05610226080162661333e-01 2.36792396211105149462e-01 3.04774290451031326654e-01 3.23869213374874842515e-01 3.75011988629566417330e-01 3.92927705467720933541e-01 4.14986974518245066434e-01 4.22222222219517662190e-01
0.00000000000000000000e+00 1.71547759110610709143e-02 5.27102032776580742279e-02 1.01318675548236258876e-01 1.78531269171834594545e-01 2.22883892791850168891e-01 3.16253233725424909295e-01 3.30632132970632319768e-01 4.16485465301057011800e-01 4.36205636616786129878e-01 4.83973925843793395529e-01 4.97602081869069401421e-01 5.11111111115515548420e-01
0.00000000000000000000e+00 2.07322682810383018825e-02 6.05648148378786777002e-02 1.26035535359987793669e-01 1.94122358605342881788e-01 2.97868604801000191884e-01 3.25055311316488904083e-01 4.41914008184245865607e-01 4.50427877569892665122e-01 5.36712629075860370165e-01 5.54996635574439345362e-01 5.90915093542518476966e-01 5.99999999994915156343e-01
0.00000000000000000000e+00 2.39691430382647507891e-02 7.35199340353103192314e-02 1.41646398639955428678e-01 2.48390489923136836836e-01 3.11297537528397061379e-01 4.37294887710841351236e-01 4.57681385165982668184e-01 5.70346813076267444842e-01 5.94108584522325955390e-01 6.55272547472609545594e-01 6.71762787570909125634e-01 6.88888888893089967880e-01
0.00000000000000000000e+00 2.86699768652203534902e-02 8.48119323614962006275e-02 1.73041155707993943302e-01 2.75098665002107445332e-01 4.00384418805498576432e-01 4.62791141088215951527e-01 5.85414068742027726699e-01 6.18245334877221441872e-01 7.03803311471740133953e-01 7.30790139174249286924e-01 7.66580582037094337977e-01 7.77777777775321199627e-01
0.00000000000000000000e+00 3.36887880183024471248e-02 1.01724747679926341704e-01 2.00834945876863207870e-01 3.37323194775479673346e-01 4.49362538558415569589e-01 5.78179383050945072675e-01 6.49233602243665330889e-01 7.44519305793175156793e-01 7.86928912507895872430e-01 8.33292110407715336251e-01 8.53024390290670009307e-01 8.66666666667650242850e-01
0.00000000000000000000e+00 3.84444407648829380997e-02 1.14966528851642532660e-01 2.30514575910144292603e-01 3.76745648841678992813e-01 5.22680116122362981024e-01 6.35882897991428053253e-01 7.51762585896244339700e-01 8.18617287092790690828e-01 8.80997601704364918795e-01 9.04376637595428856109e-01 9.25239252349093765915e-01 9.33333333332983183794e-01
0.00000000000000000000e+00 4.18033302410586449227e-02 1.25580528125245172166e-01 2.49920527057588937048e-01 4.13585695958474608425e-01 5.61974771005196327422e-01 7.00692878209312364213e-01 8.04810374389640537096e-01 8.92559625996812933124e-01 9.40793034700349806165e-01 9.65392603928802661706e-01 9.72448272100597810308e-01 9.77777777777871781595e-01
0.00000000000000000000e+00 4.36332313004724470229e-02 1.30899693895834556834e-01 2.61078445743899822951e-01 4.30324462311707622852e-01 5.88094701231726357804e-01 7.27133943056830656104e-01 8.41123501771279258321e-01 9.25224298853686288879e-01 9.76439746493508065051e-01 9.95716317519369731315e-01 1.00000000000321231930e+00 1.00000000000000000000e+00
