0.00000000000000000000e+00 1.12199736919344379704e-02 3.36599216316678107042e-02 6.69737890939588048633e-02 1.09315973387006312723e-01 1.46192462872139328223e-01 1.74433804304230277715e-01 1.91922195705580084235e-01 1.98531309996455213041e-01 1.99999999698445229956e-01 2.00000000000000011102e-01
0.00000000000000000000e+00 1.20549297187768824496e-02 3.62342631508493634440e-02 7.19386816608991175315e-02 1.17992820338503889843e-01 1.57617070823635463395e-01 1.90084769898190258930e-01 2.10861867708341560457e-01 2.21699321508213170739e-01 2.25928930688377688218e-01 2.28571428571430423915e-01
0.00000000000000000000e+00 1.38607966642801949675e-02 4.14261510553748102392e-02 8.29045109206137387226e-02 1.34896013573526318829e-01 1.83478649204382227023e-01 2.20577785411792626213e-01 2.51737948072894623941e-01 2.68229815703454610443e-01 2.80388032356204797146e-01 2.85714285714280313844e-01
0.00000000000000000000e+00 1.67015955754643979914e-02 5.04019256538603688256e-02 9.96651377194242016344e-02 1.65348002265629623331e-01 2.21258218174499643460e-01 2.74493221047378832544e-01 3.13336872158979096170e-01 3.44358315536282377778e-01 3.61461864728746196107e-01 3.71428571428584763936e-01
0.00000000000000000000e+00 2.12194128133422199589e-02 6.30894691924061001842e-02 1.27214245302450290609e-01 2.05855993842020690288e-01 2.85482685972853644785e-01 3.44690229285949278903e-01 4.07729675288531767663e-01 4.43744682672508661270e-01 4.73566490868771783340e-01 4.85714285714256566173e-01
0.00000000000000000000e+00 2.61688903297745412146e-02 7.92913083261084783437e-02 1.56004083198020615519e-01 2.60913519933388959871e-01 3.46768044622337123783e-01 4.35919968346761832478e-01 4.98150186738987921231e-01 5.53973537118056968964e-01 5.82081623660358316030e-01 6.00000000000039945824e-01
0.00000000000000000000e+00 3.25827373959564486894e-02 9.69622739256532639729e-02 1.95205678199483867452e-01 3.15633058058789162104e-01 4.34947739493836360580e-01 5.21467740021707593101e-01 6.09216478232345259869e-01 6.57653683637904329373e-01 6.98005812770206901519e-01 7.14285714285684880664e-01
0.00000000000000000000e+00 4.02317181051815228598e-02 1.21267289546300824354e-01 2.39946070891406848524e-01 3.96121050639502647606e-01 5.27357286467360131255e-01 6.44509481517853588528e-01 7.21741226642149680259e-01 7.79592291747412957648e-01 8.10367166638891411878e-01 8.28571428571439838606e-01
0.00000000000000000000e+00 4.76077536176543747448e-02 1.42398370563324550009e-01 2.84548584831871287371e-01 4.62399742011130820973e-01 6.24563394927002857315e-01 7.43929982869026562575e-01 8.33266219255277107436e-01 8.72915302624912015084e-01 9.01964288247519396791e-01 9.14285714285710149341e-01
0.00000000000000000000e+00 5.30759083061639325152e-02 1.59475067946708487510e-01 3.16673404426453697358e-01 5.18584315272945572950e-01 6.91522351929497403056e-01 8.29649801826878974254e-01 9.13356928340482543405e-01 9.51760804664798287789e-01 9.63376235206990561011e-01 9.71428571428572751323e-01
0.00000000000000000000e+00 5.60998684596501553945e-02 1.68299608158409608194e-01 3.34868945469623924271e-01 5.46579866935390179528e-01 7.30962314360213527564e-01 8.72169021521567944255e-01 9.59610978527672298100e-01 9.92656549982380509434e-01 9.99999998492192565536e-01 1.00000000000000000000e+00
