0.00000000000000000000e+00 9.81747705763620637232e-03 2.94524310635634438416e-02 5.86885798430223024069e-02 9.63724146449321528163e-02 1.30622412321674929991e-01 1.59327234983704463245e-01 1.80791376383018648211e-01 1.93941649008660399467e-01 1.98898481669437215968e-01 1.99999999996696736781e-01 2.00000000000000011102e-01
0.00000000000000000000e+00 1.04675750893239057071e-02 3.13790516361646745769e-02 6.26161713711237966073e-02 1.02711134709917897845e-01 1.39880912126866763234e-01 1.70672807179012286927e-01 1.95425940592438340815e-01 2.11361688821519039250e-01 2.19571909308137414030e-01 2.22969535998366386043e-01 2.24999999999985156318e-01
0.00000000000000000000e+00 1.18115069786556489695e-02 3.54465362095853914193e-02 7.06250437136924646975e-02 1.16380909978743313227e-01 1.58274863913403895932e-01 1.95323237429145202260e-01 2.24693990589587333506e-01 2.47933217455317267408e-01 2.61507000031567238274e-01 2.70605201942625106515e-01 2.75000000000049316107e-01
0.00000000000000000000e+00 1.39881361475322346655e-02 4.20314122695695513432e-02 8.36573077492883121486e-02 1.38318812600434104532e-01 1.88343561840990436629e-01 2.34375661119979428193e-01 2.71912988165493252346e-01 3.05288824501821931534e-01 3.27521761963748492263e-01 3.42680613713186033031e-01 3.49999999999877742241e-01
0.00000000000000000000e+00 1.72859370106765997122e-02 5.15736084406881734044e-02 1.03689245513469363580e-01 1.69125548635184586033e-01 2.35542352564710011364e-01 2.87840922411353394850e-01 3.43051910494722056555e-01 3.84199057903981122664e-01 4.19089212803696709031e-01 4.38783881399060549100e-01 4.50000000000260580446e-01
0.00000000000000000000e+00 2.08852748840772373118e-02 6.32617256894321688954e-02 1.24487623994509855052e-01 2.09786071781347782661e-01 2.79312185144555469307e-01 3.59319253922094405951e-01 4.09659459949022863867e-01 4.74069758065293278548e-01 5.08078815007979134322e-01 5.38084019531325896679e-01 5.49999999999639999082e-01
0.00000000000000000000e+00 2.53972890790422484164e-02 7.53539212356218457423e-02 1.52722188258304969466e-01 2.45785110800212702742e-01 3.48038507537502095346e-01 4.15730659085043363632e-01 5.03356727141135884551e-01 5.54523935725306005295e-01 6.08468481707337360831e-01 6.33230995156998321960e-01 6.50000000000335531603e-01
0.00000000000000000000e+00 3.02982483628341514592e-02 9.17002150094774481914e-02 1.80531144420245315274e-01 3.03270387325635826237e-01 4.02573422592491514393e-01 5.13358651708059499086e-01 5.78805415653142363297e-01 6.59975438274880588096e-01 6.99521688063078572739e-01 7.36030228338730108106e-01 7.49999999999781730153e-01
0.00000000000000000000e+00 3.68561558518165285903e-02 1.10021319826523106267e-01 2.20923465705568949913e-01 3.59282358625986064649e-01 4.96658438903761934036e-01 5.98864490297983720346e-01 6.99649084742567262118e-01 7.59142522954190601681e-01 8.09446654082847660838e-01 8.34516522777881797346e-01 8.50000000000101785247e-01
0.00000000000000000000e+00 4.24431854576349798513e-02 1.27698601640026943027e-01 2.53409667669846183635e-01 4.19239453835503594892e-01 5.63727681883065434576e-01 6.97432716642893968384e-01 7.87638171285904076235e-01 8.60351003169184114228e-01 8.90853073515540216931e-01 9.15065097451325693001e-01 9.24999999999955524466e-01
0.00000000000000000000e+00 4.68261273356498780585e-02 1.40280897422387085260e-01 2.80136479630882617720e-01 4.58591520742348657258e-01 6.24812121103155204693e-01 7.58703430868682859867e-01 8.66623850477810431236e-01 9.29434975052685352637e-01 9.59577740265697309852e-01 9.68538803251347335532e-01 9.75000000000014743762e-01
0.00000000000000000000e+00 4.90873852883550107484e-02 1.47262155317224335827e-01 2.93442899216602270940e-01 4.81862073221366982168e-01 6.53112061613255190373e-01 7.96636174913550543231e-01 9.03956881918570154255e-01 9.69708245041676741849e-01 9.94492408347849909944e-01 9.99999999983285148275e-01 1.00000000000000000000e+00
